title
locus1, locus2, locus3, locus4, locus5, locus6
pop
p1_i1_____, 120 101 082 090 130 154
p1_i2_____, 120 101 082 090 130 154
p1_i3_____, 120 101 082 090 130 154
pop
p2_i1_____, 119 102 082 091 130 153
p2_i2_____, 119 102 082 091 130 153
p2_i3_____, 119 102 082 091 130 153
pop
p3_i1_____, 119 102 082 091 130 153
p3_i2_____, 119 102 082 091 130 153
p3_i3_____, 119 102 082 091 130 153
pop
p4_i1_____, 119 102 082 091 130 153
p4_i2_____, 119 102 082 091 130 153
p4_i3_____, 119 102 082 091 130 153
pop
p5_i1_____, 119 101 083 088 133 154
p5_i2_____, 119 101 083 088 133 154
p5_i3_____, 119 101 083 088 133 154
pop
p6_i1_____, 119 103 083 088 134 154
p6_i2_____, 119 103 083 088 134 154
p6_i3_____, 119 102 083 088 134 154
pop
p7_i1_____, 119 102 083 088 134 154
p7_i2_____, 119 102 083 088 134 154
p7_i3_____, 119 102 083 088 134 154
pop
p8_i1_____, 119 101 082 088 132 153
p8_i2_____, 119 101 082 088 132 153
p8_i3_____, 119 101 082 088 132 153
pop
p9_i1_____, 119 102 083 088 134 154
p9_i2_____, 119 102 083 088 134 154
p9_i3_____, 119 102 083 088 134 154
pop
p10_i1____, 119 102 082 090 131 153
p10_i2____, 119 102 082 090 131 153
p10_i3____, 119 102 082 090 131 153
pop
p11_i1____, 118 102 082 090 132 154
p11_i2____, 118 102 082 090 132 154
p11_i3____, 118 102 082 090 132 154
pop
p12_i1____, 119 102 082 092 132 154
p12_i2____, 119 102 082 092 132 154
p12_i3____, 119 102 082 092 132 154
pop
p13_i1____, 119 103 082 091 132 154
p13_i2____, 119 103 082 091 132 154
p13_i3____, 119 103 082 091 132 154
pop
p14_i1____, 121 102 082 090 130 154
p14_i2____, 119 102 082 091 131 153
p14_i3____, 121 101 082 090 130 154
pop
p15_i1____, 119 102 082 091 131 153
p15_i2____, 119 102 082 091 131 153
p15_i3____, 119 102 082 091 131 153
pop
p16_i1____, 119 103 083 088 131 154
p16_i2____, 118 103 082 091 132 154
p16_i3____, 119 103 083 088 133 154
pop
p17_i1____, 119 102 082 090 131 153
p17_i2____, 119 102 082 090 131 153
p17_i3____, 119 102 082 090 131 153
pop
p18_i1____, 119 102 082 090 130 153
p18_i2____, 119 102 082 090 130 154
p18_i3____, 119 102 082 090 130 153
pop
p19_i1____, 119 102 082 092 132 154
p19_i2____, 119 102 082 092 132 154
p19_i3____, 119 102 082 092 132 154
pop
p20_i1____, 120 103 082 090 131 154
p20_i2____, 119 101 083 088 134 153
p20_i3____, 119 101 083 090 134 153
pop
p21_i1____, 119 101 082 090 133 153
p21_i2____, 119 101 082 090 133 153
p21_i3____, 119 101 082 090 133 153
pop
p22_i1____, 119 101 081 090 131 153
p22_i2____, 119 101 081 090 131 153
p22_i3____, 119 101 081 090 131 153
pop
p23_i1____, 119 102 082 088 132 153
p23_i2____, 119 101 082 090 132 153
p23_i3____, 119 101 082 090 132 153
pop
p24_i1____, 119 102 082 090 132 153
p24_i2____, 119 102 082 091 134 153
p24_i3____, 119 102 082 091 134 153
pop
p25_i1____, 120 102 082 090 134 154
p25_i2____, 120 102 082 090 130 154
p25_i3____, 120 102 082 091 130 153
pop
p26_i1____, 119 102 082 090 131 154
p26_i2____, 119 102 082 090 131 154
p26_i3____, 119 102 082 092 132 154
p26_i4____, 119 102 082 091 131 154
pop
p27_i1____, 119 102 082 091 132 153
p27_i2____, 119 102 082 091 132 153
p27_i3____, 119 102 082 091 132 153
pop
p28_i1____, 119 103 082 091 132 154
p28_i2____, 119 102 082 091 132 154
p28_i3____, 119 103 082 091 132 154
pop
p29_i1____, 120 101 082 090 130 154
p29_i2____, 120 101 082 090 130 154
p29_i3____, 120 101 082 090 130 154
pop
p30_i1____, 120 104 082 090 130 154
p30_i2____, 120 104 082 090 130 154
p30_i3____, 120 104 082 090 130 154
pop
p31_i1____, 120 103 082 090 130 154
p31_i2____, 120 103 082 090 130 154
p31_i3____, 120 103 082 090 130 153
pop
p32_i1____, 120 101 082 091 130 153
p32_i2____, 120 101 082 091 130 153
p32_i3____, 120 102 082 090 130 154
pop
p33_i1____, 120 104 082 090 130 154
p33_i2____, 120 104 082 090 130 154
p33_i3____, 120 104 082 090 130 154
pop
p34_i1____, 120 101 082 090 130 154
p34_i2____, 120 101 082 090 130 154
p34_i3____, 120 101 082 090 130 154
pop
p35_i1____, 119 102 082 092 132 154
p35_i2____, 119 102 082 092 132 154
pop
p36_i1____, 119 102 082 092 132 154
p36_i2____, 119 102 082 092 132 154
p36_i3____, 119 102 082 092 132 154
pop
p37_i1____, 119 102 082 089 131 153
p37_i2____, 119 102 082 089 131 153
pop
p38_i1____, 121 102 082 090 130 154
p38_i2____, 121 102 082 090 130 154
pop
p39_i1____, 119 102 082 091 131 154
p39_i2____, 119 102 082 091 131 154
p39_i3____, 119 102 082 091 131 154
pop
p40_i1____, 119 101 082 090 131 153
p40_i2____, 119 101 082 090 131 153
p40_i3____, 119 101 082 090 131 153
pop
p41_i1____, 119 102 082 092 132 154
p41_i2____, 119 102 082 092 132 154
p41_i3____, 119 102 082 092 132 154
pop
p42_i1____, 120 103 082 090 131 154
p42_i2____, 120 103 082 090 131 154
p42_i3____, 120 103 082 090 131 154
pop
p43_i1____, 119 101 083 089 134 153
p43_i2____, 119 101 083 089 134 153
p43_i3____, 119 101 083 089 134 153
pop
p44_i1____, 119 103 082 090 131 153
p44_i2____, 119 103 082 090 131 153
p44_i3____, 119 102 082 090 132 153
pop
p45_i1____, 119 102 082 090 131 153
p45_i2____, 119 102 082 090 131 153
p45_i3____, 119 102 082 090 131 153
pop
p46_i1____, 119 101 082 090 132 153
p46_i2____, 119 101 082 090 132 153
p46_i3____, 119 101 082 090 132 153
pop
p47_i1____, 119 102 082 091 133 153
p47_i2____, 119 102 082 091 133 153
p47_i3____, 119 102 082 091 133 153
p47_i4____, 119 102 082 091 133 153
pop
p48_i1____, 119 102 082 091 133 153
p48_i2____, 119 102 082 091 133 153
p48_i3____, 119 102 082 091 133 153
pop
p49_i1____, 120 103 082 090 131 154
p49_i2____, 120 103 082 090 131 154
p49_i3____, 120 103 082 090 131 154
pop
p50_i1____, 119 102 082 090 131 153
p50_i2____, 119 102 082 090 131 153
p50_i3____, 119 102 082 090 131 153
pop
p51_i1____, 119 102 082 091 133 153
p51_i2____, 119 102 082 091 133 153
p51_i3____, 119 102 082 091 133 153
pop
p52_i1____, 119 102 082 091 133 153
p52_i2____, 119 102 082 091 133 153
p52_i3____, 119 102 082 091 133 153
pop
p53_i1____, 120 102 082 090 130 154
p53_i2____, 120 101 082 091 130 153
p53_i3____, 120 102 082 090 130 154
pop
p54_i1____, 120 103 082 090 131 154
p54_i2____, 120 103 082 090 131 154
p54_i3____, 120 103 082 090 131 154
pop
p55_i1____, 119 102 082 091 133 153
p55_i2____, 119 102 082 091 133 153
pop
p56_i1____, 119 103 082 091 133 153
p56_i2____, 119 103 082 091 133 153
p56_i3____, 119 103 082 091 133 153
pop
p57_i1____, 119 101 081 090 131 153
p57_i2____, 119 102 082 090 132 153
p57_i3____, 119 101 081 090 131 153
pop
p58_i1____, 119 101 081 090 131 153
p58_i2____, 119 101 081 090 131 153
p58_i3____, 119 101 081 090 131 153
pop
p59_i1____, 121 102 082 091 131 154
p59_i2____, 121 102 082 091 131 154
p59_i3____, 121 102 082 091 131 154
pop
p60_i1____, 120 103 082 090 130 154
p60_i2____, 120 103 082 090 130 154
p60_i3____, 120 103 082 090 130 154
pop
p61_i1____, 120 101 082 091 130 153
p61_i2____, 120 101 082 091 130 153
p61_i3____, 120 101 082 091 130 153
pop
p62_i1____, 120 101 082 091 130 153
p62_i2____, 120 101 082 091 130 153
p62_i3____, 120 101 082 091 130 153
pop
p63_i1____, 120 101 082 091 130 153
p63_i2____, 120 101 082 091 130 153
p63_i3____, 120 101 082 091 130 153
pop
p64_i1____, 120 103 082 090 130 154
p64_i2____, 120 103 082 090 130 154
p64_i3____, 120 103 082 090 130 154
