title
locus1, locus2, locus3, locus4, locus5, locus6
pop
p1_i1_____, 206218 166166 209221 163165 206208 261263
p1_i2_____, 204222 162170 215225 163165 206210 251261
p1_i3_____, 228246 166166 209209 163163 206206 247253
pop
p2_i1_____, 194204 162170 209237 163175 208210 263263
p2_i2_____, 214222 166168 209211 163165 206210 263275
p2_i3_____, 212218 166166 209225 163165 206210 263267
pop
p3_i1_____, 230240 166170 209211 163165 206210 251265
p3_i2_____, 204230 170170 207209 163163 206208 245265
p3_i3_____, 214216 162170 211233 163171 198206 257263
pop
p4_i1_____, 208214 168172 211233 163173 198206 263263
p4_i2_____, 194224 166168 207233 163173 206208 245263
p4_i3_____, 204208 166166 207209 163163 206210 261263
pop
p5_i1_____, 204212 166166 207223 163163 206208 255267
p5_i2_____, 204222 166170 207223 163163 206208 251267
p5_i3_____, 206212 166166 207223 163163 206206 251267
pop
p6_i1_____, 194226 162166 211217 163171 208208 259265
p6_i2_____, 220220 166170 207207 165171 206208 261263
p6_i3_____, 206220 162162 207209 163165 206214 251265
pop
p7_i1_____, 224230 166166 207209 163163 206210 251263
p7_i2_____, 206216 162166 209219 163163 206206 251263
p7_i3_____, 208208 162170 209219 163163 206210 263263
pop
p8_i1_____, 210214 162162 209221 163171 208210 263265
p8_i2_____, 208212 162162 209231 163173 206210 263267
p8_i3_____, 208210 162162 209221 163163 210212 263265
pop
p9_i1_____, 214216 166170 219219 163173 210210 263263
p9_i2_____, 206208 166170 223233 163163 206210 263267
p9_i3_____, 212220 166166 207233 163163 206208 263263
pop
p10_i1____, 194216 162162 209211 163163 206214 263267
p10_i2____, 194208 162166 211211 163163 208208 263267
p10_i3____, 212216 162166 209211 163177 206212 263267
pop
p11_i1____, 210214 162166 209209 163171 208210 257269
p11_i2____, 206218 162170 209211 163179 206208 265267
p11_i3____, 208224 166178 207211 163171 206208 263263
pop
p12_i1____, 208216 170174 207211 163163 206206 245251
p12_i2____, 204208 166170 207211 163163 206206 263267
p12_i3____, 216216 162166 209211 163163 206210 245263
pop
p13_i1____, 206212 166170 209211 165165 206206 265269
p13_i2____, 194204 162166 207227 165165 206208 265265
p13_i3____, 194212 162162 207207 165191 204206 259271
pop
p14_i1____, 208216 162178 207227 163171 206212 267267
p14_i2____, 204206 166166 207217 163163 206212 261265
p14_i3____, 206216 162166 209227 163163 206212 265273
pop
p15_i1____, 204226 166166 209217 163175 204206 257263
p15_i2____, 216218 166170 207209 163163 206206 249257
p15_i3____, 214218 162166 209209 163163 204206 249263
pop
p16_i1____, 220224 162166 211213 163163 206212 263265
p16_i2____, 202214 162166 217221 165171 206212 263279
p16_i3____, 204220 166172 211213 163163 206212 263263
pop
p17_i1____, 208226 162166 207207 163163 206206 263263
p17_i2____, 206212 162166 211211 163163 206206 251261
p17_i3____, 208214 162162 207229 163173 210212 267267
pop
p18_i1____, 214216 162162 207209 163163 210212 251279
p18_i2____, 210214 162166 207209 163171 206206 251267
p18_i3____, 208222 166166 213223 171171 206214 263263
pop
p19_i1____, 206220 162166 207209 163163 208210 263265
p19_i2____, 204220 166166 207207 171171 206206 261263
p19_i3____, 208218 166170 209209 163171 206210 263263
pop
p20_i1____, 204208 166166 207211 165165 206206 265269
p20_i2____, 204206 166170 209229 165173 206206 265277
p20_i3____, 206206 162162 209211 165165 206206 265269
pop
p21_i1____, 208218 162170 211215 165165 208212 253265
p21_i2____, 206208 162170 211215 165167 206212 253269
pop
p22_i1____, 220222 162162 211211 163163 206212 265267
p22_i2____, 216220 162170 207209 163173 210212 263267
p22_i3____, 206206 162162 209217 163163 206212 263271
pop
p23_i1____, 206224 162176 207211 165175 210212 259263
p23_i2____, 196216 166166 211223 163163 206212 263263
p23_i3____, 222236 162162 209233 163163 206212 261263
pop
p24_i1____, 208216 166166 211211 165165 206208 263263
p24_i2____, 216216 162166 211211 163165 206212 251263
p24_i3____, 208212 166176 211211 163165 206212 257257
pop
p25_i1____, 210212 162166 207217 163163 206208 255261
p25_i2____, 214226 166170 207219 163165 206210 261263
p25_i3____, 206230 162162 207207 163163 206206 257263
pop
p26_i1____, 210212 162170 217221 163163 206210 251267
p26_i2____, 216216 166178 211211 165173 206212 263267
p26_i3____, 208222 166168 211211 163163 202206 263265
p26_i4____, 206214 162170 209211 163175 206210 251263
p26_i5____, 218224 166166 207211 163165 210212 251261
pop
p27_i1____, 204206 162162 207221 165165 206210 253265
p27_i2____, 206218 162166 209221 173173 206206 251251
p27_i3____, 208216 166166 207209 165173 198206 265265
p27_i4____, 218218 162166 211231 165173 208210 265271
p27_i5____, 216222 166166 207227 165173 206206 265265
pop
p28_i1____, 194208 166166 207207 165177 206208 265265
p28_i2____, 194222 166176 207227 165165 206206 265265
p28_i3____, 214222 162176 227235 165165 206206 265265
p28_i4____, 206220 162162 207209 165173 208208 261269
p28_i5____, 206206 166166 207209 165165 206210 245265
pop
p29_i1____, 206216 162166 207211 165167 206210 269271
p29_i2____, 206220 166166 207207 165175 206206 265269
p29_i3____, 214218 162166 207211 165165 206210 269269
p29_i4____, 214226 162170 207211 165173 206208 259269
pop
p30_i1____, 204224 162162 211211 165177 208210 253269
p30_i2____, 206218 166172 203209 171171 208212 259265
p30_i3____, 204204 170170 203203 165165 208214 251269
p30_i4____, 212214 170170 203207 165167 208210 263267
pop
p31_i1____, 206226 162162 211215 167175 206206 261265
p31_i2____, 206214 166166 207209 165165 208212 265271
p31_i3____, 206216 162170 203209 165167 206206 253259
p31_i4____, 216226 170174 203207 165165 210212 253253
pop
p32_i1____, 208216 162166 207221 165165 198210 245265
p32_i2____, 206214 162170 209211 165167 206214 245265
p32_i3____, 210216 166166 209211 165165 210214 253271
p32_i4____, 204204 166170 209211 165165 208212 267269
p32_i5____, 208224 162166 207207 165165 206214 253271
pop
p33_i1____, 212224 162166 207209 165167 206212 263265
p33_i2____, 206226 166166 207209 165165 206210 265265
p33_i3____, 206212 166166 207209 165167 206212 265265
p33_i4____, 206212 162162 207209 165167 206212 265265
pop
p34_i1____, 216242 166166 207209 165165 206206 253263
p34_i2____, 208232 166166 211211 165167 206206 263265
p34_i3____, 206232 162166 207211 167167 206212 263265
p34_i4____, 216216 162166 209211 165167 206206 249263
p34_i5____, 216218 162166 207207 165165 206206 253263
pop
p35_i1____, 234234 162162 209219 165165 210212 265267
p35_i2____, 206212 162162 209219 165167 206206 259265
p35_i3____, 206206 162170 211219 167167 206208 263265
p35_i4____, 206216 162174 209219 165165 206208 263265
p35_i5____, 206206 162174 209209 165167 210212 265265
pop
p36_i1____, 214232 162162 211225 173177 206210 261265
p36_i2____, 206232 162170 209225 173173 206212 245261
p36_i3____, 220220 162168 221223 179179 206206 263275
p36_i4____, 194232 162166 207225 173173 206210 261263
p36_i5____, 206206 162166 207209 165173 206206 261265
pop
p37_i1____, 206214 166170 211225 165165 206212 253265
p37_i2____, 210212 166166 209209 165167 208208 263273
p37_i3____, 214226 162170 207233 165167 206206 265271
p37_i4____, 208216 166166 207233 165173 210216 253265
p37_i5____, 204204 162166 207207 165165 208216 265269
pop
p38_i1____, 204218 162170 211225 167173 194206 265267
p38_i2____, 206208 162166 207217 165175 206206 263265
p38_i3____, 208218 162170 211213 165165 206206 253271
p38_i4____, 214226 162176 207209 165173 206208 253265
p38_i5____, 216222 162172 207211 165165 206206 259259
pop
p39_i1____, 206226 162166 207229 165165 206206 265267
p39_i2____, 204236 166166 207207 165177 206206 253271
p39_i3____, 206216 166170 207233 165167 208214 261275
p39_i4____, 208214 166166 207211 165165 198212 269271
p39_i5____, 208214 166166 207213 165173 208214 253267
pop
p40_i1____, 204216 162166 209209 165165 206212 263267
p40_i2____, 204204 162166 207221 165165 206212 251265
p40_i3____, 208226 162170 209229 165175 206206 259265
p40_i4____, 208214 166170 221227 165173 212212 265269
pop
p41_i1____, 206220 166166 209209 165165 210212 263269
p41_i2____, 212218 166170 209209 165165 194214 265265
p41_i3____, 206234 166166 207211 165165 206206 259263
p41_i4____, 204212 166166 207207 165165 198206 265265
p41_i5____, 206236 166166 209217 165167 206210 245271
pop
p42_i1____, 204206 162166 211227 175175 210212 265265
p42_i2____, 204206 166166 211215 165165 206206 265265
p42_i3____, 206206 162166 207207 165165 206210 259265
p42_i4____, 206230 166166 209209 165165 212212 265265
p42_i5____, 222230 166166 211211 165165 206206 265265
pop
p43_i1____, 210234 166170 211223 165165 206212 265267
p43_i2____, 206234 168170 209211 165165 206212 249267
p43_i3____, 206234 162170 209211 165165 206208 265265
p43_i4____, 206222 162166 211213 165167 206208 265265
p43_i5____, 210222 162166 209217 165173 206212 253267
pop
p44_i1____, 196208 168172 209235 165177 206206 259277
p44_i2____, 204224 162168 221225 165173 206206 261261
p44_i3____, 208222 162166 209225 167185 206212 265269
p44_i4____, 222222 162166 207209 165175 206212 253267
pop
p45_i1____, 198210 166170 209229 165167 206206 265265
p45_i2____, 214226 166166 209229 167173 206206 263277
p45_i3____, 206210 162166 205229 165173 208210 253259
p45_i4____, 212218 166166 209209 165165 206206 265265
pop
p46_i1____, 204220 166168 225231 165165 206206 259269
p46_i2____, 218218 162166 221223 165173 206210 243269
p46_i3____, 206218 166166 223227 165167 206210 265269
pop
p47_i1____, 206238 162166 207211 165165 206208 265269
p47_i2____, 194208 166170 207217 165165 206212 253265
p47_i3____, 204222 166178 207217 165167 206210 263265
p47_i4____, 210246 172174 207219 165187 206208 255265
p47_i5____, 204216 162170 207209 165165 206208 265267
p47_i6____, 216222 162162 209215 165167 206206 265267
pop
p48_i1____, 204216 162162 207225 165167 206214 263263
p48_i2____, 216222 170170 207209 165173 208212 265265
p48_i3____, 206206 166170 211225 165175 208210 263265
p48_i4____, 206208 166170 213227 165167 206208 253267
p48_i5____, 206212 166166 213229 165165 206208 253265
pop
p49_i1____, 216228 166166 209211 165173 210210 241273
p49_i2____, 204208 162162 209225 165165 194206 265269
p49_i3____, 216218 166176 209211 165165 206210 269273
p49_i4____, 202204 166170 209235 165173 210212 265265
pop
p50_i1____, 214214 166166 209225 165167 206208 259269
p50_i2____, 216216 162166 207209 165165 206212 263265
p50_i3____, 216216 162166 209209 165167 206206 265265
p50_i4____, 212222 166166 207209 167177 208210 265265
p50_i5____, 214220 162170 207225 165181 206212 265267
pop
p51_i1____, 212226 162166 209225 167177 206206 263265
p51_i2____, 218218 166166 207207 165165 206206 259269
p51_i3____, 206222 162166 209209 165177 206206 263269
p51_i4____, 196232 162174 209221 165181 206206 259265
p51_i5____, 206206 162166 209221 165173 206206 253265
pop
p52_i1____, 230240 166166 211211 165165 208212 265267
p52_i2____, 206206 162166 207211 165175 194206 265269
p52_i3____, 206234 162162 207209 165165 210212 261271
p52_i4____, 216216 166166 211211 165165 206210 265269
pop
p53_i1____, 208232 166166 209225 165165 206212 265269
p53_i2____, 214232 162172 229229 165165 208210 253267
p53_i3____, 204212 166176 207211 165165 206210 265267
p53_i4____, 216220 162166 207211 165165 208210 263265
p53_i5____, 216218 166170 207209 165169 210212 251265
pop
p54_i1____, 204216 166166 211211 167175 206210 265267
p54_i2____, 204204 166166 211221 167167 206206 265269
p54_i3____, 204204 166170 207211 165167 206206 265271
p54_i4____, 218236 162166 207207 165173 206206 265265
pop
p55_i1____, 208222 162166 211225 165165 206208 263265
p55_i2____, 206214 162166 225225 165165 206206 249261
p55_i3____, 208214 166170 225225 165175 206206 265265
p55_i4____, 208208 162166 211227 165165 206206 265269
pop
p56_i1____, 216226 162170 207211 165167 206210 265265
p56_i2____, 206208 166170 221221 165165 206206 265271
p56_i3____, 218222 162166 209221 165175 206206 253265
p56_i4____, 204218 162176 207225 165177 206212 253265
p56_i5____, 208222 162162 211215 165165 206206 263269
pop
p57_i1____, 206212 162166 207213 171177 208212 265265
p57_i2____, 214226 166166 211211 165165 212214 265265
p57_i3____, 212240 162166 209223 165175 210212 267269
p57_i4____, 214226 166166 207217 165165 206212 265265
p57_i5____, 206220 162162 209227 165173 210210 265267
pop
p58_i1____, 204224 166166 207209 165165 206210 267267
p58_i2____, 212214 170170 207217 167173 206208 253253
p58_i3____, 204206 166166 207209 165167 206206 251267
p58_i4____, 206208 162162 209209 165173 210212 253265
p58_i5____, 208218 170170 213227 165167 206212 253263
pop
p59_i1____, 208224 166166 209221 165167 206214 253265
p59_i2____, 206212 166166 209227 165165 210212 265267
p59_i3____, 212214 166170 207209 165173 208212 265269
p59_i4____, 214230 166176 207207 167177 208210 253265
p59_i5____, 202206 162166 207207 165167 206210 253267
pop
p60_i1____, 212216 164164 213219 167181 206206 257271
p60_i2____, 220222 168170 221223 167183 206206 257263
p60_i3____, 206226 172172 219223 167177 206206 263263
pop
p61_i1____, 206208 168168 211219 163163 206212 257259
p61_i2____, 206206 160168 211211 163163 206206 267267
p61_i3____, 206206 160168 209209 163163 210212 251261
p61_i4____, 204218 160160 209211 163165 212212 259261
p61_i5____, 206206 164164 211229 163163 210212 257259
p61_i6____, 206206 160164 211229 163163 206210 257263
pop
p62_i1____, 212230 160164 221229 163163 206212 263263
p62_i2____, 212218 160164 211221 163163 210212 263263
p62_i3____, 214224 160164 209229 163163 206206 261261
p62_i4____, 214234 160164 209213 163171 212212 263265
p62_i5____, 206234 160164 207209 163163 206212 263263
p62_i6____, 218224 160164 209213 163171 206212 263263
p62_i7____, 208228 168172 215223 171185 206206 265269
p62_i8____, 204210 168172 203213 171173 206206 249265
p62_i9____, 204220 178178 213213 167177 208208 257265
pop
p63_i1____, 206206 160164 207217 163175 206210 261263
p63_i2____, 206206 160168 207209 163175 210210 263263
p63_i3____, 208220 160164 209225 165175 206210 263265
p63_i4____, 206206 164164 207211 163163 206210 263263
p63_i5____, 212214 160160 209223 165179 206206 251271
p63_i6____, 204206 172172 215215 169171 206208 265275
p63_i7____, 202204 168168 209229 177179 206206 249271
pop
p64_i1____, 204228 164164 207209 163173 206210 263263
p64_i2____, 204212 160166 209219 163179 206210 243261
p64_i3____, 204214 160160 209233 163173 206208 243263
p64_i4____, 204214 160160 209221 163163 206206 243261
pop
p65_i1____, 206236 160166 207221 163163 206212 243263
p65_i2____, 206214 164164 209209 163163 206212 263263
p65_i3____, 206212 168170 209243 163165 206210 263263
p65_i4____, 208212 164170 209211 163171 210212 249267
p65_i5____, 208216 160164 207209 163169 206206 263265
p65_i6____, 206238 168170 209211 163171 206206 251251
