title
locus1, locus2, locus3, locus4, locus5
pop
p1_i1_____, 103 103 206 165 220
p1_i2_____, 103 103 206 165 220
p1_i3_____, 103 103 206 165 220
p1_i4_____, 103 103 206 165 220
p1_i5_____, 103 103 206 165 220
p1_i6_____, 103 103 206 165 220
pop
p2_i1_____, 103 103 206 165 220
p2_i2_____, 103 103 206 165 220
p2_i3_____, 103 103 206 165 220
pop
p3_i1_____, 104 103 206 165 220
p3_i2_____, 103 103 206 165 220
pop
p4_i1_____, 103 103 206 165 220
p4_i2_____, 103 103 206 165 220
p4_i3_____, 103 103 206 165 220
p4_i4_____, 103 103 206 165 220
p4_i5_____, 103 103 206 165 220
p4_i6_____, 103 103 206 165 220
pop
p5_i1_____, 103 103 206 165 220
p5_i2_____, 103 103 206 165 220
p5_i3_____, 103 103 206 165 220
p5_i4_____, 103 103 206 165 220
p5_i5_____, 103 103 206 165 220
p5_i6_____, 103 103 206 165 220
pop
p6_i1_____, 103 103 206 165 220
p6_i2_____, 103 103 206 165 220
pop
p7_i1_____, 103 103 206 165 220
p7_i2_____, 103 103 206 165 220
p7_i3_____, 103 103 206 165 220
p7_i4_____, 103 103 206 165 220
p7_i5_____, 103 103 206 165 220
p7_i6_____, 103 103 206 165 220
p7_i7_____, 103 103 206 165 220
p7_i8_____, 103 103 206 165 220
p7_i9_____, 103 103 206 165 220
p7_i10____, 103 103 206 165 220
p7_i11____, 103 103 206 165 220
p7_i12____, 103 103 206 165 220
p7_i13____, 103 103 206 165 220
p7_i14____, 103 103 206 165 220
p7_i15____, 103 103 206 165 220
p7_i16____, 103 103 206 165 220
pop
p8_i1_____, 104 103 206 165 220
p8_i2_____, 104 103 206 165 220
p8_i3_____, 104 103 206 165 220
p8_i4_____, 103 103 206 165 220
pop
p9_i1_____, 103 103 206 165 220
p9_i2_____, 104 103 206 165 220
p9_i3_____, 103 103 206 165 220
p9_i4_____, 103 103 206 165 220
pop
p10_i1____, 103 103 206 165 220
p10_i2____, 103 103 206 165 220
p10_i3____, 103 103 206 165 220
p10_i4____, 103 103 206 165 220
p10_i5____, 103 103 206 165 220
pop
p11_i1____, 097 104 206 165 220
p11_i2____, 097 104 206 165 220
p11_i3____, 097 104 206 165 220
p11_i4____, 097 104 206 165 220
p11_i5____, 097 104 206 165 220
pop
p12_i1____, 103 103 206 165 220
p12_i2____, 103 103 206 165 220
p12_i3____, 103 103 206 165 220
pop
p13_i1____, 103 103 206 165 220
p13_i2____, 106 103 207 165 220
p13_i3____, 103 103 206 165 220
p13_i4____, 103 103 206 165 220
p13_i5____, 103 103 206 165 220
p13_i6____, 103 103 206 165 220
p13_i7____, 103 103 206 165 220
pop
p14_i1____, 103 103 206 165 220
p14_i2____, 103 103 206 165 220
p14_i3____, 103 103 206 165 220
p14_i4____, 103 103 206 165 220
p14_i5____, 103 103 206 165 220
p14_i6____, 103 103 206 165 220
p14_i7____, 103 103 206 165 220
p14_i8____, 103 103 206 165 220
pop
p15_i1____, 103 103 206 165 220
p15_i2____, 103 103 206 165 220
p15_i3____, 104 104 206 165 215
p15_i4____, 106 104 206 165 220
p15_i5____, 106 104 206 165 220
pop
p16_i1____, 103 101 206 165 220
p16_i2____, 103 103 206 165 220
p16_i3____, 102 103 206 165 220
pop
p17_i1____, 103 103 206 165 220
p17_i2____, 103 103 206 165 220
p17_i3____, 103 103 206 165 220
p17_i4____, 103 103 206 165 220
p17_i5____, 104 103 206 165 220
pop
p18_i1____, 103 103 206 165 220
p18_i2____, 103 103 206 165 220
p18_i3____, 103 103 206 165 220
p18_i4____, 103 103 206 165 220
p18_i5____, 103 103 206 165 220
p18_i6____, 103 103 206 165 220
pop
p19_i1____, 103 103 206 165 220
p19_i2____, 103 103 206 165 220
p19_i3____, 103 103 206 165 220
p19_i4____, 103 103 206 165 220
pop
p20_i1____, 103 103 206 165 220
p20_i2____, 103 103 206 165 220
p20_i3____, 103 103 206 165 220
p20_i4____, 103 103 206 165 220
p20_i5____, 103 103 206 165 220
pop
p21_i1____, 103 103 206 165 220
p21_i2____, 104 103 206 165 220
pop
p22_i1____, 103 103 206 165 220
p22_i2____, 103 103 206 165 220
p22_i3____, 103 103 206 165 220
p22_i4____, 103 103 206 165 220
p22_i5____, 103 103 206 165 220
p22_i6____, 102 103 206 165 220
p22_i7____, 103 103 206 165 220
p22_i8____, 103 103 206 165 220
pop
p23_i1____, 103 103 206 165 220
p23_i2____, 103 103 206 165 220
p23_i3____, 103 103 206 165 220
p23_i4____, 103 103 206 165 220
pop
p24_i1____, 103 103 206 165 220
p24_i2____, 102 106 206 165 220
p24_i3____, 103 103 206 165 220
p24_i4____, 103 103 206 165 220
p24_i5____, 103 103 206 165 220
p24_i6____, 103 103 206 165 220
pop
p25_i1____, 110 104 206 165 220
p25_i2____, 110 104 206 165 220
p25_i3____, 110 104 206 165 220
p25_i4____, 110 104 206 165 220
p25_i5____, 110 104 206 165 220
p25_i6____, 110 104 206 165 220
p25_i7____, 103 103 206 165 220
p25_i8____, 110 104 206 165 220
p25_i9____, 103 103 206 165 220
p25_i10___, 104 103 206 165 220
pop
p26_i1____, 103 103 206 165 220
p26_i2____, 103 103 206 165 220
p26_i3____, 103 103 206 165 220
p26_i4____, 103 103 206 165 220
p26_i5____, 103 103 206 165 220
p26_i6____, 103 103 206 165 220
p26_i7____, 103 103 206 165 220
p26_i8____, 103 103 206 165 220
p26_i9____, 103 103 206 165 220
p26_i10___, 103 103 206 165 220
p26_i11___, 103 103 206 165 220
p26_i12___, 103 103 206 165 220
pop
p27_i1____, 104 103 206 165 220
p27_i2____, 104 103 206 165 220
p27_i3____, 104 103 206 165 220
p27_i4____, 104 103 206 165 220
p27_i5____, 104 103 206 165 220
pop
p28_i1____, 103 104 206 165 220
p28_i2____, 103 104 206 165 220
p28_i3____, 103 104 206 165 220
p28_i4____, 103 103 206 165 220
p28_i5____, 103 103 206 165 220
pop
p29_i1____, 104 103 206 165 220
p29_i2____, 104 103 206 165 220
p29_i3____, 103 103 206 165 220
p29_i4____, 103 103 206 165 220
p29_i5____, 104 103 206 165 220
pop
p30_i1____, 103 103 206 165 220
p30_i2____, 103 103 206 165 220
p30_i3____, 103 103 206 165 220
p30_i4____, 103 103 206 165 220
p30_i5____, 103 103 206 165 220
pop
p31_i1____, 103 103 206 165 220
p31_i2____, 103 103 206 165 220
p31_i3____, 104 104 207 165 215
p31_i4____, 103 101 206 165 220
p31_i5____, 104 104 207 165 215
p31_i6____, 104 104 206 165 215
p31_i7____, 104 103 206 165 220
p31_i8____, 104 104 207 165 215
p31_i9____, 104 104 207 165 215
p31_i10___, 103 103 206 165 220
p31_i11___, 103 103 206 165 220
p31_i12___, 104 104 207 165 215
p31_i13___, 104 104 207 165 215
p31_i14___, 103 103 206 165 220
p31_i15___, 104 104 207 165 215
p31_i16___, 103 103 206 165 220
pop
p32_i1____, 103 103 206 165 220
p32_i2____, 103 103 206 165 220
p32_i3____, 103 103 206 165 220
p32_i4____, 103 103 206 165 220
pop
p33_i1____, 103 103 206 165 220
p33_i2____, 103 103 206 165 220
p33_i3____, 103 103 206 165 220
p33_i4____, 103 103 206 165 220
p33_i5____, 103 103 206 165 220
p33_i6____, 103 103 206 165 220
pop
p34_i1____, 103 103 206 165 220
p34_i2____, 103 103 206 165 220
p34_i3____, 103 103 206 165 220
p34_i4____, 103 103 206 165 220
p34_i5____, 103 103 206 165 220
p34_i6____, 103 103 206 165 220
pop
p35_i1____, 103 103 206 165 220
p35_i2____, 103 103 206 165 220
p35_i3____, 103 103 206 165 220
pop
p36_i1____, 103 103 206 165 220
p36_i2____, 104 103 206 165 220
p36_i3____, 103 103 206 165 220
p36_i4____, 103 103 206 165 220
pop
p37_i1____, 103 103 206 165 220
p37_i2____, 110 104 206 165 220
p37_i3____, 110 104 206 165 220
p37_i4____, 103 103 206 165 220
p37_i5____, 103 103 206 165 220
p37_i6____, 103 103 206 165 220
pop
p38_i1____, 103 103 206 165 220
p38_i2____, 103 103 206 165 220
p38_i3____, 103 103 206 165 220
p38_i4____, 103 103 206 165 220
pop
p39_i1____, 103 103 206 165 220
p39_i2____, 103 103 206 165 220
p39_i3____, 103 103 206 165 220
p39_i4____, 103 103 206 165 220
p39_i5____, 103 103 206 165 220
p39_i6____, 103 103 206 165 220
p39_i7____, 103 103 206 165 220
p39_i8____, 103 103 206 165 220
p39_i9____, 103 103 206 165 220
p39_i10___, 103 103 206 165 220
p39_i11___, 103 103 206 165 220
p39_i12___, 103 103 206 165 220
p39_i13___, 103 103 206 165 220
p39_i14___, 103 103 206 165 220
p39_i15___, 103 103 206 165 220
pop
p40_i1____, 104 103 206 165 220
p40_i2____, 103 103 206 165 220
p40_i3____, 103 103 206 165 220
p40_i4____, 103 103 206 165 220
p40_i5____, 104 103 206 165 220
pop
p41_i1____, 103 103 206 165 220
p41_i2____, 103 103 206 165 220
p41_i3____, 103 103 206 165 220
p41_i4____, 103 103 206 165 220
p41_i5____, 103 103 206 165 220
pop
p42_i1____, 104 103 206 165 220
p42_i2____, 104 103 206 165 220
p42_i3____, 104 103 206 165 220
p42_i4____, 103 103 206 165 220
pop
p43_i1____, 104 105 206 165 215
p43_i2____, 103 103 206 165 220
p43_i3____, 103 103 206 165 220
p43_i4____, 103 103 206 165 220
p43_i5____, 103 103 206 165 220
p43_i6____, 103 103 206 165 220
p43_i7____, 103 103 206 165 220
p43_i8____, 104 105 206 165 215
p43_i9____, 103 105 206 165 215
pop
p44_i1____, 105 103 206 165 220
p44_i2____, 104 103 206 165 220
p44_i3____, 104 103 206 165 220
p44_i4____, 104 103 206 165 220
p44_i5____, 104 103 206 165 220
p44_i6____, 104 103 206 165 220
p44_i7____, 104 103 206 165 220
p44_i8____, 104 103 206 165 220
p44_i9____, 104 103 206 165 220
p44_i10___, 104 103 206 165 220
pop
p45_i1____, 103 103 206 165 220
p45_i2____, 103 103 206 165 220
p45_i3____, 103 103 206 165 220
p45_i4____, 103 103 206 165 220
p45_i5____, 103 103 206 165 220
pop
p46_i1____, 105 105 206 165 215
p46_i2____, 105 105 206 165 215
p46_i3____, 103 103 206 165 220
p46_i4____, 104 105 206 165 215
p46_i5____, 104 105 206 165 215
p46_i6____, 104 105 206 165 215
p46_i7____, 105 105 206 165 215
pop
p47_i1____, 103 103 206 165 220
p47_i2____, 103 103 206 165 220
p47_i3____, 103 103 206 165 220
p47_i4____, 103 103 206 165 220
p47_i5____, 103 103 206 165 220
pop
p48_i1____, 103 104 206 165 220
p48_i2____, 103 104 206 165 220
p48_i3____, 103 104 206 165 220
p48_i4____, 103 104 206 165 220
p48_i5____, 103 104 206 165 220
p48_i6____, 103 103 206 165 220
p48_i7____, 103 104 206 165 220
p48_i8____, 103 104 206 165 220
p48_i9____, 103 103 206 165 220
pop
p49_i1____, 103 103 206 165 220
p49_i2____, 103 103 206 165 220
p49_i3____, 103 103 206 165 220
p49_i4____, 103 103 206 165 220
p49_i5____, 103 103 206 165 220
p49_i6____, 103 103 206 165 220
pop
p50_i1____, 103 103 206 165 220
p50_i2____, 103 103 206 165 220
p50_i3____, 103 103 206 165 220
p50_i4____, 103 103 206 165 220
p50_i5____, 103 103 206 165 220
p50_i6____, 103 103 206 165 220
p50_i7____, 110 104 206 165 220
pop
p51_i1____, 103 103 206 165 220
p51_i2____, 103 103 206 165 220
p51_i3____, 103 103 206 165 220
p51_i4____, 103 103 206 165 220
p51_i5____, 103 103 206 165 220
p51_i6____, 103 103 206 165 220
pop
p52_i1____, 103 103 206 165 220
p52_i2____, 103 103 206 165 220
pop
p53_i1____, 103 103 206 165 220
p53_i2____, 103 103 206 165 220
p53_i3____, 103 103 206 165 220
p53_i4____, 103 103 206 165 220
p53_i5____, 103 103 206 165 220
p53_i6____, 103 103 206 165 220
p53_i7____, 103 103 206 165 220
p53_i8____, 103 103 206 165 220
p53_i9____, 103 103 206 165 220
p53_i10___, 103 103 206 165 220
p53_i11___, 103 103 206 165 220
pop
p54_i1____, 103 103 206 165 220
p54_i2____, 103 103 206 165 220
p54_i3____, 103 103 206 165 220
p54_i4____, 103 103 206 165 220
pop
p55_i1____, 103 103 206 165 220
p55_i2____, 103 103 206 165 220
p55_i3____, 102 105 206 165 220
p55_i4____, 107 104 206 165 220
