title
locus1, locus2, locus3, locus4, locus5, locus6, locus7, locus8, locus9, locus10, locus11, locus12, locus13, locus14, locus15, locus16, locus17, locus18, locus19, locus20, locus21, locus22, locus23, locus24
pop
p1_i1_____, 151151 198198 165185 157157 209209 178178 206209 207220 099099 128129 100100 157166 153159 116116 169169 153156 193199 295297 165165 229229 197201 216230 107107 107117
p1_i2_____, 151151 195198 167167 155159 209209 178178 194200 215220 099099 131131 108110 166166 151157 116116 169169 156162 193199 295295 165165 225229 191203 216230 107107 107107
p1_i3_____, 151151 198198 167187 155173 209209 178178 185194 207215 099099 128131 108108 157157 157159 116116 169169 156162 187199 295295 165165 227229 191203 216216 104107 107111
p1_i4_____, 151151 198198 167167 149157 209209 178178 200203 207215 099099 128131 100100 166166 157169 116116 169169 156162 190193 293293 165165 229231 197197 216230 107107 109113
p1_i5_____, 151151 186198 167185 151151 209209 178205 194194 220220 099099 128131 108108 166166 153159 116116 169175 153156 193193 295295 165165 227229 193195 230230 107107 115121
p1_i6_____, 151151 195198 167185 151151 209209 178205 200203 220220 099099 128128 100110 157157 149167 116116 169169 156156 190199 293295 165165 227227 193203 240240 097100 113115
p1_i7_____, 151151 198201 167167 151151 209209 178178 194203 220220 099099 128131 110110 166169 157159 116120 169169 156156 190193 293293 165165 227231 191197 240244 100107 107117
p1_i8_____, 151151 198198 165167 151151 209209 178178 194206 189220 099099 128128 088088 166166 157159 116120 169169 156162 199199 293295 165165 227231 191191 236240 107107 109113
p1_i9_____, 151151 198198 167185 157165 209209 178178 203203 215220 099099 128131 108108 166166 157157 116120 169169 156162 190196 293295 165165 229229 191197 240240 097100 113117
p1_i10____, 151151 198201 167187 293293 209209 178178 200206 207207 099099 128128 100108 163166 157157 116116 169169 156156 199199 293293 165165 227229 191193 238240 100107 107107
p1_i11____, 151151 198198 165183 149151 209209 178178 194200 215220 099099 129128 108108 166169 155157 116116 169169 156156 193202 293295 165165 229229 193197 240240 097107 109117
p1_i12____, 151151 198198 167167 157157 209209 205205 194203 220220 099099 128131 108108 166166 153157 116120 169169 156162 190193 293293 165165 227229 191197 242242 097107 117117
p1_i13____, 151151 198198 167167 157159 209209 178178 200206 215220 099099 128131 106108 166169 157157 116116 169169 156156 193199 293295 163165 227229 197203 238240 097097 117117
p1_i14____, 151151 198198 185185 293295 209209 178184 200203 220220 099099 128128 094094 166169 155163 116116 169169 156156 190193 295293 165165 227231 193197 236240 104107 115117
p1_i15____, 151151 198198 165165 295295 209209 178205 197194 215215 090099 128131 108110 157169 149159 116116 169169 156156 187193 295295 165165 229229 195203 236236 104107 107117
p1_i16____, 151151 198198 167185 175175 209209 205208 197200 220220 099099 129128 108108 157169 151159 116116 169169 156156 193193 293295 165165 225225 193197 238244 101104 113117
p1_i17____, 151151 198198 165167 155155 209209 205205 200200 207220 099099 129131 088088 166166 157157 116116 169169 156156 199199 293295 165165 229229 191193 238242 097107 107107
p1_i18____, 151151 198198 167167 151157 209209 178178 194200 215220 099099 129128 108108 166166 153159 116116 169169 156156 199199 293293 165165 229229 191193 226226 100107 117121
p1_i19____, 151151 198198 167167 149149 209209 205205 194206 215220 099099 129128 108108 154166 153155 116116 169169 162162 190199 295293 165165 227229 197197 240242 092107 109117
p1_i20____, 151151 198198 165167 149153 209209 178178 194203 220220 099099 129128 108108 157166 157167 116116 169177 156156 190193 295293 165165 229229 191193 238244 089100 121121
p1_i21____, 151151 198198 165167 167167 209209 205205 200203 215220 099099 128131 088106 166166 157161 116116 169169 156156 199202 293293 165165 229229 191203 240244 100104 109117
p1_i22____, 151151 198198 167167 151155 209209 178178 200200 215215 099099 128128 108108 166169 159167 116116 169169 156156 193199 293295 165165 229227 191193 240240 097107 109109
p1_i23____, 151151 189198 165167 295295 209209 178178 206218 220220 099099 128131 100102 166169 159159 116116 169169 156156 193193 295295 165165 229229 191197 236240 097100 109109
p1_i24____, 151151 195198 167167 149159 209209 178205 194218 207220 099099 129128 108108 166166 157161 116116 169169 156162 193193 295293 165165 227229 191193 240242 104104 117121
p1_i25____, 151151 198198 167167 157171 209209 178178 197194 215220 099099 129128 102102 166166 157161 116116 169169 156156 193199 293293 165165 229229 193197 240242 100107 109109
p1_i26____, 151151 198198 165167 151157 209209 178178 197194 220220 099099 129131 088088 166166 161167 116107 169169 156156 199199 293295 165165 225227 191197 242242 107107 115115
p1_i27____, 151151 189198 167167 157165 209209 178178 197200 220220 099099 128131 100100 166166 159159 116116 169169 156162 193199 293293 165165 229229 193195 240240 097107 109109
p1_i28____, 151151 195198 165165 293293 209209 178178 194200 220220 099099 128131 106106 157157 159159 116116 169169 156162 190193 293293 165165 227229 197197 236238 097104 117117
p1_i29____, 151151 195198 167167 165165 209209 178178 200200 189220 099099 128131 108108 157169 157159 116116 169169 156156 193193 293293 165165 229229 191191 236240 107107 107109
p1_i30____, 151151 189198 167167 163163 209209 178178 200203 189189 099099 129128 108108 166169 157157 116116 169169 156156 193202 293293 165165 229229 191193 238240 107107 107115
p1_i31____, 151151 198198 165167 165167 209209 178178 194200 215220 099099 128131 108108 163166 159159 116116 169169 156156 193193 295293 165165 225227 191197 236236 101107 107117
p1_i32____, 151151 198198 167169 153153 209209 178178 197200 215215 099099 128131 108108 166169 157157 116116 169169 156162 193193 293293 165165 229229 193197 240242 097100 109109
p1_i33____, 151151 198198 167185 151151 209209 178178 200206 215220 099099 128128 108110 166166 155157 116116 169169 156156 193199 293293 165165 229231 191197 240240 097100 109109
p1_i34____, 151151 189198 165167 149159 209209 178178 197194 215220 099099 128128 102102 157166 157159 116116 169169 156162 193199 293295 165165 229229 193197 240242 100107 115121
p1_i35____, 151151 189198 165167 295295 209209 205205 197200 215215 099099 128131 100102 166169 157157 116116 169169 156156 190193 295295 165165 229229 191191 238244 097107 107109
p1_i36____, 151151 195198 165165 151159 209209 178178 194200 215220 099099 129129 102102 157166 149157 116120 169169 156162 193199 293295 165165 229229 191203 240244 100100 107115
p1_i37____, 151155 198198 185185 293295 209209 178178 203206 220220 099099 128128 100100 157169 153159 116116 169169 156156 199199 293295 165165 225225 191193 244244 097107 109113
p1_i38____, 151151 198198 167167 151155 209209 178205 200203 189189 099099 131131 100100 166166 157159 116116 169169 156162 193199 293293 165165 229229 193205 240242 107107 107107
p1_i39____, 151151 198198 167167 149171 209209 178205 194200 220220 099099 128131 102102 157166 153161 116116 169169 156162 190193 295295 165165 229231 195197 236240 100107 109113
p1_i40____, 151151 198198 167185 151167 209209 178178 200200 220220 099099 128128 108108 154157 157161 116120 169169 156156 193199 293295 165165 229229 193193 236240 097104 115117
p1_i41____, 151151 198198 165167 157157 209209 178205 200200 207215 099099 129128 094094 166166 157157 116116 169169 156162 199199 293293 165165 225229 193193 238242 097107 107117
p1_i42____, 151151 198198 165165 151151 209209 178178 200203 220220 099099 128128 108106 166166 155159 116116 169169 156156 187196 293293 165171 229229 195201 236238 107107 107121
p1_i43____, 151151 198198 165167 151159 209209 178205 197194 207220 099099 129128 106108 166166 157157 116116 169169 156162 196196 295295 165165 225229 189191 240244 100107 109113
p1_i44____, 151151 198198 167185 151157 209209 205205 200203 220220 099099 129128 106108 166169 157157 120120 169169 156162 190199 293293 165165 227229 191197 226230 097097 117117
p1_i45____, 151151 198198 167185 151155 209209 205205 200200 215220 099099 128128 100100 166154 155159 116116 169169 153156 187202 293293 165165 227229 193197 238240 089104 109109
p1_i46____, 151155 195198 167167 293295 209209 178211 194206 189189 099099 128128 108108 157166 157157 116116 169169 156162 199199 293295 165165 233233 191191 242242 107107 109113
p1_i47____, 151151 195201 167167 149151 209209 178178 200200 215220 099099 123123 108108 157157 155157 116120 169169 156162 190193 295293 165165 231233 193193 238240 100107 107109
p1_i48____, 151151 198198 165185 151157 209209 178178 197200 220220 099099 129128 108108 166169 155159 116116 169169 156156 187190 293293 165171 229229 199201 236238 107107 107109
p1_i49____, 151151 198198 167167 159159 209209 178178 185206 220220 099099 129128 096108 157169 155157 116116 169169 156162 187199 293295 165165 229229 203205 240240 097107 109109
p1_i50____, 151151 198198 167167 295295 209209 178178 194200 202220 099099 128131 104104 157166 159167 116116 169169 156162 193202 295295 165165 225229 193195 238244 107107 107117
p1_i51____, 151151 198198 165167 151157 209209 178178 200197 202220 099099 128131 100100 166166 153159 116116 169169 156162 193199 295293 165165 229229 193197 238244 104107 109115
p1_i52____, 151151 195198 165167 151159 209209 178178 206206 215215 099099 128131 100100 166166 155159 116116 169169 156162 190193 293293 165165 227229 193193 238240 097097 107117
p1_i53____, 151151 198198 167185 153175 209209 205205 197194 207220 099099 131131 102102 166166 157159 116120 169169 156156 190193 293293 165165 229231 191205 000000 107107 117121
p1_i54____, 151151 198198 167167 293293 209209 178178 194200 215220 099099 128128 106108 157166 153155 116116 169169 156162 190199 293293 165165 229231 191193 238240 100107 107115
p1_i55____, 151151 195198 165167 293295 209209 178178 185197 215220 099099 129128 102102 166169 151153 116116 169169 156162 193196 293295 165165 225229 189197 238240 097097 107109
pop
p2_i1_____, 151151 198198 165165 293295 209209 178178 194203 215215 097097 128128 090112 169172 151153 116116 169169 162162 193196 293295 175175 227233 197205 238248 104107 109109
p2_i2_____, 147147 198198 165165 171183 209209 178178 194203 215215 097097 123123 100102 166169 159159 116116 169169 153162 193196 293293 165173 227233 199205 238248 097112 109109
p2_i3_____, 147151 198198 165165 151151 209209 178178 194203 215215 097097 128128 094100 163169 155159 116116 169169 153156 193199 293295 165165 227233 197207 246250 107112 109109
p2_i4_____, 147147 198198 165165 155155 209209 178178 203203 215215 097097 128131 090094 169169 157159 116116 169169 153162 193196 293293 165165 227227 195199 240246 107107 109109
p2_i5_____, 151151 198198 165191 149151 209209 178178 194203 215215 097099 128128 092110 169169 151153 116116 169179 162162 196199 293293 175175 227233 201205 240240 107107 109109
p2_i6_____, 147151 198198 165165 167167 209209 178178 194203 215215 097097 128131 102102 157169 153153 116116 169169 162162 193193 293293 175175 227227 195197 240240 104107 109109
p2_i7_____, 147151 198198 165165 175177 209209 178178 191203 215215 097097 128131 100100 157169 153153 116116 169169 153156 193196 293293 165175 227233 195199 240240 104104 109109
p2_i8_____, 147151 198198 165165 173173 209209 178178 203203 215220 097097 128131 090104 169172 153153 116116 169169 156162 193199 293293 175175 227227 199201 238238 104104 109109
p2_i9_____, 147147 198198 165165 293295 209209 178178 194203 215220 097097 128128 090090 169178 153153 116116 000000 156156 196196 293295 175175 227227 193197 238246 104104 109109
p2_i10____, 147151 198198 165165 149161 209209 178178 203203 215215 097097 128128 108110 154154 153153 116116 169169 162162 193196 293293 175175 227227 197205 220220 104107 109109
p2_i11____, 147151 198198 165165 293293 209209 178178 194203 215215 099097 128128 090090 169172 153153 116116 169169 153162 196196 293293 175175 227233 199205 238238 104104 109109
p2_i12____, 147147 198198 165173 149149 209209 178178 194203 215215 097097 128128 110112 169169 153153 116116 169169 162162 196196 293293 175175 227227 199201 238238 104107 109109
p2_i13____, 147147 198198 165165 149149 209209 178178 203203 215215 097097 128128 090102 169169 157157 116116 169169 156162 196196 293293 165165 233235 193201 248248 107112 109109
p2_i14____, 147147 198198 165165 149149 209209 178178 194194 215215 097097 128131 090100 169169 153153 116116 000000 153156 193196 293293 175175 227227 197199 242242 104104 109109
p2_i15____, 147151 198198 165167 151151 209209 178178 191203 215215 097099 128128 106110 154169 153153 116116 169169 156162 199202 293295 175175 227229 197203 240244 104107 109109
p2_i16____, 147147 198198 165167 149151 209209 178178 191203 215215 097097 128128 092104 154169 159159 116116 169169 156156 193199 293295 165175 227229 197203 248248 100107 109109
p2_i17____, 147151 198198 165165 149151 209209 178178 203203 215215 097097 128128 090108 169172 151153 116116 169177 153156 196199 293295 175175 227227 201205 242242 104104 109109
p2_i18____, 151151 198198 165165 293293 209209 178178 203203 215215 097097 128128 090108 172172 153153 116116 169169 156162 193196 293293 175175 227233 197203 244246 104107 109109
p2_i19____, 151151 198198 165165 151151 209209 178178 203203 215215 094097 128128 090090 163172 159159 116116 169169 153162 193193 293293 165175 227227 197201 238244 100107 109109
p2_i20____, 147151 198198 165165 149173 209209 178178 194203 215215 097097 128131 110110 169169 155159 116116 169169 153162 193193 293293 165165 227227 199201 212240 100107 109109
p2_i21____, 147151 198198 165165 149173 209209 178178 194203 215215 097097 128131 110110 157169 157159 116116 169169 153162 193193 293293 165165 227227 199201 212244 107107 113113
p2_i22____, 147151 198198 165165 149149 209209 178178 203203 215215 097099 128128 090112 157169 153153 116116 169169 156162 196196 293293 175175 227227 199203 238238 104104 109109
p2_i23____, 147147 198198 165165 293293 209209 178178 194194 215215 099097 128131 104104 169169 153153 116116 169169 153156 196199 293293 175175 277233 197199 242244 107107 109109
p2_i24____, 151151 198198 165165 151161 209209 178178 194203 215215 097097 128128 090112 169172 151153 116116 169169 162162 193196 293295 175175 227227 197205 238238 104107 109109
p2_i25____, 147147 198198 165165 149161 209209 178178 203203 215215 097099 128128 090102 163169 153153 116116 169169 156162 193196 293293 175175 227227 197199 230234 104107 109109
p2_i26____, 147147 198198 165165 171183 209209 178178 194203 215215 097097 128128 100102 166169 153153 116116 169169 153162 193196 293293 175175 227227 199205 238248 104104 109109
p2_i27____, 147151 198198 165165 149149 209209 178178 194203 215220 093097 128128 100112 166169 151153 116116 169169 153156 196196 293293 175175 227233 199205 240246 104104 109109
p2_i28____, 147151 198198 165165 293293 209209 178178 203203 215215 097097 128128 090100 163169 153153 116116 169169 156156 196199 293293 175175 227233 201201 240242 104104 109109
p2_i29____, 147151 198198 165165 149149 209209 178178 194203 215215 097097 128128 090090 154169 151153 116116 169169 162162 196199 293293 175175 227227 199199 240240 104107 109109
p2_i30____, 147151 198198 165173 293293 209209 178178 194203 215215 097099 128128 090102 157160 151153 116116 169169 153156 193196 293293 175175 227227 203205 238250 104107 109109
p2_i31____, 151151 198198 165165 157169 209209 178178 194203 215215 097099 128128 102102 169169 151153 116116 169169 153162 196196 293293 175175 227229 201207 238244 104104 109111
p2_i32____, 147151 198198 165165 173171 209209 178178 194203 215215 097097 128131 100110 166169 153153 116116 169169 153156 193196 293293 175175 227227 199201 238238 104104 109109
p2_i33____, 147151 198198 165165 293293 209209 178178 194194 215215 099097 128131 100100 166172 151153 116116 169169 153153 193199 293293 175175 227233 195201 242244 100104 109109
p2_i34____, 147151 198198 165165 149149 209209 178178 194203 215215 097099 128128 102102 157157 151153 116116 169169 153162 193196 293295 175175 227227 199205 238242 104104 109109
p2_i35____, 147151 198198 165165 149149 209209 178178 203203 215215 097099 128128 090100 163172 153153 116116 169169 153156 196196 293293 175175 227227 199201 226226 104107 109109
p2_i36____, 147151 198198 165165 151151 209209 178178 194203 215215 097097 128128 090094 160169 153153 116116 169169 153162 196199 293293 175175 227233 195207 238238 107107 109109
p2_i37____, 147151 198198 165165 161183 209209 178178 203203 215215 097097 128128 100102 157169 151153 116116 169177 153162 193196 293293 175175 227233 205207 226226 104104 109109
p2_i38____, 147151 198198 165173 151151 209209 178178 194203 215215 097097 128128 100100 169169 153153 116116 169169 153156 193199 293295 175175 233233 197197 240248 104104 109109
p2_i39____, 147151 198198 165165 151151 209209 178178 194203 215215 097097 128128 094100 163169 153153 116116 169177 153156 193199 293295 175175 227233 197207 216222 104107 109109
p2_i40____, 147151 198198 165165 151151 209209 178178 194203 215215 093097 128128 094100 163169 153153 116116 169169 153156 193199 293295 175175 227227 197207 226226 104107 109109
p2_i41____, 147147 198198 165165 149149 209209 178178 191194 215215 097097 128128 090108 157169 151153 116116 169169 156162 196199 293293 175175 227233 195199 246248 104104 109109
p2_i42____, 147151 198198 165165 151151 209209 178178 203203 215215 097097 128128 090102 157169 151153 116116 169169 162162 196196 293293 175175 227233 201205 242246 104104 109109
p2_i43____, 147151 198198 165165 151155 209209 178178 194203 215215 097097 128128 100100 154154 153153 116116 169169 153162 193196 293293 175175 227227 199199 240240 104107 109109
p2_i44____, 147147 198198 165165 149149 209209 178178 203203 215215 097097 128128 090102 169169 153153 116116 169169 156162 196196 293293 175175 235235 193201 248248 100104 109109
p2_i45____, 147147 198198 165167 149149 209209 178178 194203 215215 097097 128131 092100 169169 153153 116116 169169 156162 196196 293293 175175 227227 199201 238238 104107 109109
p2_i46____, 147151 198198 165191 149149 209209 178178 191194 215215 097097 128128 090090 169169 151153 116116 169169 153162 193196 295295 175175 227227 201201 226238 104104 109109
p2_i47____, 151151 198198 165165 293293 209209 178178 194203 215215 099099 128128 090102 163169 151153 116116 169169 156162 196199 293293 175175 227227 195201 238248 104104 109109
p2_i48____, 147151 198198 165165 149149 209209 178178 194203 215215 093097 128128 090090 169172 153153 116116 169169 153153 196196 293293 175175 227233 199207 238240 104104 109109
p2_i49____, 147147 198198 165165 149161 209209 178178 203203 215215 097099 128128 090102 163169 153153 116116 169169 156162 193196 293293 175175 227227 197199 238238 104107 109109
p2_i50____, 147151 198198 165165 293293 209209 178178 191203 215215 097097 128131 100100 157169 153153 116116 169169 153156 193196 293293 165175 227233 195199 240240 104104 109109
p2_i51____, 147147 198198 165173 169169 209209 178178 194203 215215 097097 128128 090090 169172 153153 116116 169169 156162 196196 293293 175175 227227 197197 238238 104104 109109
p2_i52____, 147151 198198 165165 149173 209209 178178 194203 215215 097099 128128 090090 169169 153153 116116 169169 162162 196196 293293 175175 227227 197205 238242 104104 109109
p2_i53____, 147151 198198 165165 171171 209209 178178 203203 215215 097099 128128 090090 172172 153153 116116 169169 156162 196196 293293 175175 227227 197205 226230 104104 109109
pop
p3_i1_____, 147147 198198 163165 149151 209209 178178 203203 215215 097097 128129 102102 166172 149153 116116 169169 153153 193196 295293 175175 227227 187203 240242 107112 109109
p3_i2_____, 147151 198198 163165 159159 209209 178178 185203 215215 097097 128129 092118 157169 153153 116116 169169 156162 193193 293295 175175 227227 189197 238238 104113 109109
p3_i3_____, 147147 198198 165165 293295 209209 178178 194203 215215 097097 128128 102102 154166 149153 116116 169169 156156 196196 293295 175175 227231 201205 242258 104107 109109
p3_i4_____, 147147 198198 163165 295293 209209 178178 203203 215215 097097 128131 102102 166172 149153 116116 169169 153153 193196 295293 175175 227227 187203 240246 107112 109109
p3_i5_____, 147147 198198 163165 149149 209209 178178 203203 215215 097097 128129 102102 166166 149153 116116 169169 153153 193196 295293 175175 227227 187203 240246 107112 109109
p3_i6_____, 147147 198198 163165 149151 209209 178178 203203 215215 097097 128129 102102 166166 149153 116116 169169 153153 193196 295293 175175 227227 187203 242246 107112 109109
p3_i7_____, 147147 198198 163165 149151 209209 178178 203203 215215 097097 128129 102102 172166 149153 116116 169169 153153 193196 295293 175175 227227 187203 240246 107112 109109
p3_i8_____, 147147 198198 165165 293293 209209 178178 203203 215215 097099 128128 102102 172175 153155 116116 169173 162162 193196 293293 175175 227231 205207 242246 104113 109109
p3_i9_____, 147147 198198 163165 149151 209209 178178 203203 215215 093097 128129 102102 166172 149153 116116 169169 153153 193196 293295 175175 227227 187203 242246 107112 109109
p3_i10____, 147147 198198 163165 149151 209209 178178 203203 215215 097097 128129 102102 166172 149153 116116 169169 153153 193196 295293 175175 227227 187203 242246 104112 109109
p3_i11____, 147147 198198 165165 293295 209209 178178 185203 215215 097097 128128 102102 172175 153153 116116 173173 153162 193196 293295 175175 227231 189207 240246 107107 109109
p3_i12____, 147147 198198 163165 295293 209209 178178 203203 215215 097097 128131 102102 166172 149153 116116 169169 153153 193196 295295 175175 227227 187203 242246 107112 109109
p3_i13____, 147151 198198 163165 293295 209209 178178 185203 215215 097097 128131 092114 157169 153153 116116 169169 156162 193193 293295 175175 227227 189197 238248 104113 109109
pop
p4_i1_____, 151151 198198 165169 151153 209209 178178 185200 220220 099099 128128 104104 157169 157159 116116 169177 156156 193202 293293 165165 225225 195199 236236 097097 111115
p4_i2_____, 151151 198198 165165 151153 209209 178178 194200 215220 099099 128128 102104 169178 157159 116117 175177 156156 193202 293293 165165 227227 197199 242246 097100 109115
p4_i3_____, 151151 198198 165165 153153 209209 178178 185200 220220 097099 128128 102104 154157 157159 116116 169169 153162 193196 293293 165165 227227 193197 214214 097107 107107
p4_i4_____, 151151 198198 163169 155155 209209 178178 185200 215215 099099 128128 100104 157157 159159 116116 169169 156156 193196 293293 165165 227227 189197 244244 097107 111115
p4_i5_____, 151151 198198 165167 151151 209209 178178 200200 220220 099099 128128 102104 154157 159159 116116 169169 153156 196196 293295 165165 227227 195197 234236 100107 107109
p4_i6_____, 151151 198198 163163 293293 209209 178178 194200 220220 099099 128131 102104 154157 157159 116116 169177 156156 193202 293293 165175 227229 197201 242246 097107 115115
p4_i7_____, 147151 198198 163163 183183 209209 178178 185194 220220 099099 128128 104104 154157 159175 116116 169175 156156 193196 293295 175175 229229 195195 236242 097097 107115
p4_i8_____, 147147 198198 163165 293295 209209 178178 185200 220220 097097 129128 102104 154157 147159 116116 169177 156156 193196 293295 165165 227227 195197 236238 097100 107107
p4_i9_____, 151151 198198 163165 163163 209209 178178 185194 220220 097099 128128 102104 154178 157159 116116 169169 156156 193196 293293 165175 227227 195197 242244 097097 107115
p4_i10____, 147151 198198 163165 293295 209209 178178 185194 215215 097099 128128 104104 169178 159163 116116 169169 156156 193193 295293 165175 227229 195197 244244 100107 109109
p4_i11____, 151151 198198 165165 153165 209209 178178 194200 220220 099099 128131 102104 157172 159159 116116 169169 156162 193196 295295 165175 227227 189195 236244 097097 107111
p4_i12____, 151151 198198 163165 195195 209209 178178 194200 220220 099099 128128 104104 157157 157159 116116 169175 153156 193196 293293 165175 227227 195197 236236 097100 107109
p4_i13____, 151151 198198 165165 153165 209209 178178 185194 220220 099099 128128 102104 157172 159159 116116 169169 153162 193196 293295 165175 227227 195195 236244 097097 107115
p4_i14____, 151151 198198 163165 151165 209209 178178 185185 220220 097099 128128 102104 154172 157159 116116 169169 153156 193196 293295 175175 227227 189195 234244 097097 107107
p4_i15____, 151151 198198 165165 153153 209209 178178 194194 215220 099099 128131 104104 157178 147159 116116 169169 153156 193196 293295 165165 227227 195197 242244 097097 107109
p4_i16____, 151151 198198 163165 169169 209209 178178 194203 220220 099099 129128 104104 169169 159159 116116 169169 156162 193193 293293 165165 227227 195197 242242 097107 107115
p4_i17____, 147151 198198 165193 191191 209209 178178 194194 220220 099099 128128 102104 157172 159159 116116 169169 156162 193193 293293 165165 227227 189199 236240 097100 107111
p4_i18____, 151151 198198 163165 153153 209209 178178 194203 220220 099099 131131 102104 154169 157159 116116 169169 156156 193193 293295 165175 227229 195195 240242 100107 115115
p4_i19____, 147147 198198 163169 151151 209209 178178 194194 220220 097099 128128 102104 157169 159159 116116 169175 156156 193193 293293 165175 229229 195197 238238 097100 107111
p4_i20____, 151151 198198 163165 153153 209209 178178 185194 220220 097099 131131 104104 154157 157163 116116 169169 156162 193196 293295 165175 229229 191195 240240 100107 111115
p4_i21____, 151151 198198 165165 165171 209209 178178 185194 220220 097099 128128 104104 154157 157157 116116 169169 156156 193196 293293 165175 227229 195197 242242 097107 111115
p4_i22____, 147151 198198 163169 293293 209209 178178 185200 215215 099099 129131 102104 157169 159159 116116 169177 153156 193193 293293 165165 227227 189195 240248 097100 107109
p4_i23____, 147151 198198 163165 293295 209209 178178 185200 215220 099097 129128 102102 169169 159159 116116 169169 156156 193193 293295 165165 227227 189197 240240 097100 109115
p4_i24____, 151151 198198 163187 165171 209209 178178 185194 220220 099099 129129 102104 169169 153159 116116 169169 153156 193196 293293 165165 227229 195195 236236 100107 115115
p4_i25____, 151151 198198 165165 293295 209209 178178 194200 215220 099099 128128 102104 169169 155159 116116 169169 156162 193193 295293 165165 227229 191195 244248 100107 109115
p4_i26____, 151151 198198 165165 159165 209209 178178 185194 220220 099099 128128 102104 157169 155163 116116 169169 156162 193193 293293 165165 229229 191199 244244 100107 109115
p4_i27____, 151151 198198 165165 151151 209209 178178 194200 220220 099099 128128 100104 154157 157157 116116 169177 156156 193196 293293 165165 227227 189197 236246 097100 109111
p4_i28____, 151151 198198 165165 151151 209209 178178 185185 220220 099099 128128 100104 157178 157157 116116 169169 156162 193196 295293 175175 227227 195197 242242 097097 109115
p4_i29____, 147151 198198 163181 293293 209209 178178 194200 215220 099099 128128 102104 157157 157159 116116 169169 162162 193193 293293 165175 227229 189191 234240 097100 107109
p4_i30____, 151151 198198 163163 151151 209209 178178 185200 220220 099099 129128 102102 157157 153157 116116 169169 156156 193196 295293 165165 227227 189195 236246 097097 111115
p4_i31____, 151151 198198 163181 151151 209209 178178 185185 220220 097099 128128 102102 169178 159159 116116 169169 156156 193196 293293 165165 227227 189195 236242 097100 109115
p4_i32____, 151151 198198 163169 151151 209209 178178 200206 215220 097099 129128 102104 154157 153159 116116 169169 156162 193196 293293 165165 227227 189195 236236 097107 111115
p4_i33____, 151151 198198 165193 171171 209209 178178 203206 215220 099099 128128 102102 157169 159159 116116 169169 156156 193196 293293 165165 227227 195197 236236 100107 107115
p4_i34____, 151151 198198 165193 155179 209209 178178 185194 220220 099099 129128 104104 154157 157159 116116 169169 156162 193193 295295 165165 227229 191195 234240 097100 109109
p4_i35____, 151151 198198 165193 163179 209209 178178 194203 215220 099099 128128 102104 157169 157159 116116 169169 153156 193196 293293 165165 229229 195195 246248 097107 115115
p4_i36____, 151151 198198 163165 157143 209209 178178 185185 220220 099099 129128 102104 154157 159159 116116 169169 156162 193196 293293 165165 227229 189195 236236 097100 109109
p4_i37____, 147151 198198 163163 151151 209209 178178 185194 220220 099099 129129 102104 157157 159159 116116 169169 162162 193193 293293 165165 227227 195197 236250 097097 107111
p4_i38____, 151151 198198 165165 151151 209209 178178 185194 215215 099099 128128 102104 154169 157159 116116 169169 153156 196196 293295 165165 227227 195199 234246 097100 109111
p4_i39____, 151151 198198 191193 163163 209209 178178 185194 215215 099099 129128 102104 154157 159159 116116 177177 156162 193196 293293 165175 227227 195199 240242 100107 109113
p4_i40____, 151151 198198 163193 189189 209209 178178 185194 207220 099099 129128 104104 154166 157157 116116 185191 156162 193196 293295 165165 227227 189199 240244 100100 109111
p4_i41____, 151151 198198 165165 293295 209209 178178 194200 215215 099099 129128 104104 154154 159159 116116 169169 153153 193196 293295 165175 227227 195195 244244 097100 115115
p4_i42____, 151151 198198 165169 153165 209209 178178 185194 220220 099099 129129 102104 154169 157159 116116 169169 162162 193196 293295 165175 227227 189199 240242 097097 107107
p4_i43____, 151151 198198 163169 293295 209209 178178 185185 220220 099097 129129 102104 154169 147157 116116 169169 156162 193196 293295 165165 227227 191199 240242 097100 107115
p4_i44____, 151151 198198 165193 167175 209209 178178 194203 215220 099099 128128 104104 157157 147159 116116 169177 153156 196196 293295 165165 227227 197199 240244 097097 107115
p4_i45____, 151151 198198 165167 295295 209209 178178 185200 220220 099099 128128 102102 157169 157159 116116 169169 156156 193193 295295 165165 227227 191195 240244 097100 107115
pop
p5_i1_____, 151151 198198 163181 155155 209209 178178 185200 215220 099099 128128 102106 157169 157159 116116 169169 156156 193193 293295 165175 227229 189195 238244 104107 111111
p5_i2_____, 151151 198198 163163 157159 209209 178178 194200 215215 097099 128128 102106 166169 159159 116116 169169 153156 193196 293293 165165 227227 189197 236240 100100 113113
p5_i3_____, 147147 198198 163167 151151 209209 178178 200200 220220 097099 129129 102106 166166 159159 116116 169177 156162 193196 293293 165165 227227 189197 234246 097107 109111
p5_i4_____, 147151 195198 163167 151151 209209 178178 194200 215220 097099 128131 102106 157166 157159 116116 169169 156156 193196 293295 165165 229229 193195 246246 097100 109113
p5_i5_____, 151151 198198 163165 177177 209209 178178 200200 215220 099099 128128 102104 169169 159159 116116 169169 156162 193193 293293 165175 227229 195195 238238 097107 111111
p5_i6_____, 147151 195198 167167 293295 209209 178178 194200 220220 097097 129128 106106 157166 157159 116116 169169 156162 193196 293295 165175 227229 189193 234246 097107 107109
p5_i7_____, 151151 198198 163163 157157 209209 178178 185200 215220 097099 128128 102102 169169 157159 116116 169169 156162 193193 293293 165175 227229 195197 238238 097100 113113
p5_i8_____, 151151 198198 163181 177177 209209 178178 200200 215220 099099 128131 092102 166169 157159 116116 169169 162162 193193 293293 165175 227227 193197 234252 100107 107109
p5_i9_____, 151151 198198 163167 153183 209209 178178 200203 215220 099099 128128 092102 154169 157159 116116 169169 156162 193193 293293 165175 227227 195197 238244 100107 107111
p5_i10____, 151151 198198 165165 173181 209209 178178 200200 220220 099099 129128 104106 166166 157159 116117 177177 156156 193196 293293 165175 227227 195195 236248 097097 109111
p5_i11____, 151151 198198 163163 173181 209209 178178 200200 220220 099099 129128 104104 157169 157159 116117 169169 156162 193193 293293 165165 227227 195195 238244 097100 107117
p5_i12____, 151151 198198 167167 153153 209209 178205 185200 215220 099099 129131 092104 154169 157159 116117 169177 156162 196196 293293 165165 227227 195197 238244 097107 107117
p5_i13____, 151151 198198 165167 183183 209209 178178 200200 220220 099099 128131 102102 166166 149157 116116 169169 156156 193196 293293 165175 227235 195195 244244 097097 107109
p5_i14____, 151151 198198 163163 293293 209209 178178 200200 220220 099097 129128 102104 157169 157159 116116 169169 156156 193193 293293 165165 227227 195195 234244 100107 111111
p5_i15____, 151151 195198 163167 157175 209209 178178 194200 215220 099099 128128 106106 166169 157159 116116 169169 156156 193193 293293 165175 227227 195195 234238 097100 107111
p5_i16____, 151151 198198 163167 155155 209209 178178 200200 207220 097099 128128 104106 157166 157157 116116 169169 162162 193196 293293 165175 227227 195195 240244 097100 111117
p5_i17____, 151151 198198 163163 155169 209209 178178 200203 215220 097099 129128 102102 154157 157159 116117 169169 156156 193193 293293 165165 227227 195195 234246 107107 107111
p5_i18____, 151151 198198 163167 155171 209209 178178 200200 220220 099099 128128 104104 154166 157159 116117 169177 156162 193193 293293 165165 229229 195195 234246 097107 109117
p5_i19____, 151151 198198 163165 155155 209209 178178 200203 220220 099099 128128 104104 157169 157159 116117 171171 156156 193193 293295 165165 227227 195195 244250 097100 109111
p5_i20____, 151151 198198 163167 155155 209209 178178 200200 220220 099099 129128 092104 157169 157159 116116 169169 156162 193193 293293 165175 227227 197197 236244 097107 109113
p5_i21____, 151151 198198 163167 293295 209209 178178 185200 220220 099097 128128 102102 154169 157159 116116 169169 156162 193196 293295 165165 227229 195195 244248 097107 107117
p5_i22____, 147151 198198 163167 155157 209209 178178 194200 215220 097099 128131 102102 157169 157157 116116 169175 153156 193193 293293 165165 227227 191197 234242 097097 107113
p5_i23____, 151151 195198 163167 175175 209209 178178 200200 215220 099099 129128 102102 154169 157159 116116 169169 156156 193193 293293 165165 227227 195197 234248 100100 107111
p5_i24____, 151151 198198 165165 183183 209209 178178 200203 215220 099099 128131 104104 154166 157157 117117 169169 156156 193196 295293 165165 227229 195195 246248 100107 107109
p5_i25____, 147147 198198 167181 155181 209209 178178 185200 215220 097099 129128 102102 154169 157157 116116 169169 156162 193196 295293 165165 227227 195197 234236 097107 107107
p5_i26____, 151151 198198 163167 155169 209209 178178 200203 220220 099099 128128 102102 154169 157159 116116 169177 156162 193193 295293 165165 227229 195195 246246 097107 107117
p5_i27____, 147151 198198 163167 295295 209209 178205 200200 215215 099099 129128 102102 154166 157159 116116 169169 156156 193196 295295 165165 227227 195197 236256 097097 107115
p5_i28____, 151151 198198 167167 155155 209209 178178 200203 207215 099099 128128 102106 166169 157157 116116 169175 153162 193196 293293 165165 227227 195197 234234 097097 107117
p5_i29____, 151151 198198 167173 000000 209209 178178 200203 215220 099099 129129 104106 166169 157157 116116 000000 153162 193196 295295 165165 227227 195197 238238 097097 109109
p5_i30____, 147147 198198 163163 157173 209209 178178 185203 215220 097099 128128 104104 154169 159159 116116 171171 156162 193193 293293 165165 227229 195195 240240 097100 117117
p5_i31____, 147151 198198 163167 155155 209209 178178 194200 220220 097099 128131 102102 154169 159159 116116 169169 156156 193196 293293 165175 227227 195197 234236 097100 111113
p5_i32____, 147151 195198 163167 155173 209209 178178 185200 215220 097099 128129 102106 166169 159159 116116 169177 156156 193193 293295 165165 227227 189195 236238 097097 109111
p5_i33____, 147151 195198 163167 293295 209209 178178 185200 215220 097099 129129 102104 166169 159159 116116 169177 156156 193193 293295 165165 227227 189195 234238 097097 109111
p5_i34____, 147147 195198 163167 155157 209209 178178 185194 220220 097099 128131 102104 154169 159159 116116 169177 156156 193193 293295 165165 227227 191195 238238 097097 111111
p5_i35____, 151151 198198 165179 155171 209209 178178 194200 215220 099099 129128 100100 157166 157159 116116 169169 156162 193193 295295 165175 229229 195197 236236 097107 109113
p5_i36____, 151151 198198 163163 169169 209209 178205 185200 215220 097099 129131 102104 169169 159159 116116 169169 156162 193193 293295 165165 227227 195195 236248 097100 107109
p5_i37____, 147151 198198 163167 169169 209209 178178 200200 215220 099099 128131 104104 157169 157159 116116 169169 156156 193196 293293 165175 235235 195195 246246 100107 107107
p5_i38____, 151151 198198 163163 157157 209209 178178 194200 207220 097099 129131 102104 154166 157159 116116 169169 156156 193193 295295 165165 227235 195195 244246 097107 109113
p5_i39____, 151151 198198 163163 293295 209209 178178 200200 207215 097097 129129 102104 166169 157159 116116 169169 156156 193193 293295 165165 227227 195195 234238 097097 107109
p5_i40____, 151151 198198 163187 293293 209209 178178 185200 215220 097099 129131 102104 169169 159159 116116 169169 156156 193193 293293 165175 227227 189195 236234 097097 109109
p5_i41____, 147151 198198 167181 293295 209209 178205 200200 207215 099097 129128 104106 154166 159159 116116 169169 156162 193196 293295 165175 227227 189191 234244 097107 107111
p5_i42____, 151151 198198 163181 293293 209209 178178 200200 215220 099097 128131 102102 166169 159159 116116 169169 156162 193196 293293 165175 227227 195197 234240 100107 107113
pop
p6_i1_____, 151151 198198 165165 289295 209209 178178 191200 220220 099099 129128 102102 172172 153161 116116 169169 156156 196199 289295 165165 227227 197199 236252 104107 109109
p6_i2_____, 151151 198198 165165 159177 209209 178178 191200 220220 099099 129128 102102 169172 153161 116116 169169 156156 196199 289295 165165 231231 197199 238252 104107 109109
p6_i3_____, 151151 189198 165165 167183 209209 178208 200203 215220 099099 128131 100102 166169 155157 116116 169169 156162 196199 293293 165165 227229 193197 236244 104104 109109
p6_i4_____, 151151 198198 165165 159177 209209 178178 191200 220220 096099 129128 102102 172172 153161 116116 169169 156156 196199 289295 165165 227227 197199 236252 104107 109109
p6_i5_____, 151151 189198 165165 159167 209209 178178 191200 207220 099099 129128 088102 157172 153155 116116 169169 156156 196199 289291 165165 227227 193197 236236 104104 109117
p6_i6_____, 151151 195198 165165 151151 209209 178178 194200 207207 099099 128128 088102 157157 155155 116116 169177 156162 193199 293293 165165 227229 193203 234236 097107 109117
p6_i7_____, 151151 198198 165165 291293 209209 178217 200203 207215 099099 128128 102104 172172 155155 116116 169169 156156 196196 291293 165165 227229 193195 236240 104107 109113
p6_i8_____, 151151 198198 165165 163175 209209 178217 200203 207215 096099 128128 102104 172172 155155 116116 169169 156156 196196 291293 165165 227229 193195 236240 104107 109113
p6_i9_____, 151151 189198 165165 157167 209209 178178 191200 207220 099099 128131 088088 157169 153155 116116 169177 156162 196196 293291 165165 227227 197193 236244 104104 109117
p6_i10____, 151151 198204 165165 187187 209209 178208 200200 215215 099099 128128 102102 169172 155155 116116 169169 156156 193193 293295 165165 227227 193195 236236 104107 109109
p6_i11____, 151151 189198 165167 291293 209209 178217 200203 207220 099099 128128 094104 172172 153155 116116 169169 156156 196199 291293 165165 227229 193197 236238 097104 109109
p6_i12____, 151151 189198 165165 157175 209209 178217 200203 207207 099099 128128 094102 166172 153155 116116 169169 156162 196196 291293 165165 227229 193193 236242 104107 109109
p6_i13____, 151151 198198 165165 293293 209209 178208 200200 215220 099099 128131 100106 157166 155157 116116 169169 156162 199199 293293 165165 227227 187195 234250 092097 109109
p6_i14____, 151151 189198 165165 293293 209209 178178 200203 207207 099099 128131 088102 157172 155155 116116 169169 156156 196199 293293 165165 227229 193195 234236 097104 109109
p6_i15____, 151151 189204 165165 289295 209209 178178 191200 207207 099099 128131 102102 172175 153155 116116 169169 156156 193199 289295 165165 227231 197197 236240 107107 109117
p6_i16____, 151151 195195 165165 181181 209209 178178 188191 220220 099099 128128 100104 169172 155155 116116 169169 162162 193199 293295 165165 229229 193195 234236 107107 109109
p6_i17____, 151151 198198 165165 159159 209209 178178 200203 220220 099099 128128 088102 157172 155155 116116 169169 156162 199199 293293 165165 227229 193197 234234 092107 109109
p6_i18____, 151151 195198 165165 167181 209209 178178 191200 207220 099099 128131 088102 154157 153159 116116 169169 156156 196199 293295 165165 227227 187199 236236 104104 113117
p6_i19____, 151151 198204 165165 185171 209209 178178 200200 207220 099099 128128 100102 157157 155155 116116 169169 156162 199199 293295 165165 227227 193199 234238 092097 109109
p6_i20____, 151151 198204 165165 177187 209212 178208 191200 207215 099099 131131 100106 157166 155157 116116 169169 156156 199199 289293 165165 227227 187195 234238 092104 109109
p6_i21____, 151151 189198 165165 159167 209209 178178 182191 215220 099099 128131 088104 172172 155159 116116 169177 156162 193196 293295 165165 227227 197197 240244 097104 109117
p6_i22____, 151151 198204 165165 293293 209209 178208 200200 220220 099099 128131 100100 157166 155155 116116 169169 156162 199199 293293 165165 227227 193197 238238 097104 109109
p6_i23____, 151151 204204 165165 175179 209209 208208 200200 207207 099099 129128 102102 172172 153155 116116 169169 162162 193199 293293 165165 227229 193197 236236 100104 109109
p6_i24____, 151151 198198 165165 169177 209209 178178 191200 207220 096099 128128 102104 157172 153153 116116 169169 156162 196199 293293 165165 227229 191193 236240 097104 109109
p6_i25____, 151151 198204 165165 169169 209209 178208 200203 207220 099099 128128 102102 157172 155159 116116 169169 156162 199199 293295 165165 227229 193197 242244 097100 109109
p6_i26____, 151151 198198 165167 157157 209209 178208 194200 220220 099099 128131 102104 169172 155155 116116 169169 162162 193199 293293 165165 227229 193197 238250 097107 109109
p6_i27____, 151151 198198 165165 157165 209209 196208 194200 207207 099099 129128 102102 169172 155155 116116 169169 162162 193193 293293 165165 227227 197199 236238 104107 109109
p6_i28____, 151151 189195 165165 293293 209209 178208 191218 220220 099099 128128 100102 157172 155155 116116 169169 162162 193196 293293 165165 227229 195197 236236 097107 109109
p6_i29____, 151151 198198 165165 165189 209209 178178 191200 220220 099099 131131 080094 166166 153155 116116 169169 156156 193193 293293 165165 227229 187199 234236 097104 109109
pop
p7_i1_____, 151151 198198 165171 157157 209209 178205 185194 215220 099099 128128 102106 166166 157157 116116 169175 153156 193196 293295 165175 227229 191197 238240 100107 107109
p7_i2_____, 151151 198198 165165 187187 209209 178178 185200 215215 099099 129128 102104 154166 149159 116116 169175 153153 196196 293293 165175 227229 189197 236240 107107 107115
p7_i3_____, 151151 198198 165171 153157 209209 178205 200206 215220 099099 128128 102102 166169 157157 116116 169169 156156 193193 293293 175175 227227 191191 238242 107107 107107
p7_i4_____, 151151 198198 165167 157167 209209 178220 200218 215220 099099 128128 104104 169169 157157 116116 169175 156162 193193 293293 175175 227231 197201 238242 107107 107115
p7_i5_____, 151151 198198 165171 293293 209209 178178 185200 215220 099099 128128 104104 154166 149159 116116 169169 153156 193196 293293 165175 227229 189197 234240 107112 107107
p7_i6_____, 151151 198198 165165 165165 209209 178205 203206 215220 099099 128128 102104 166169 157157 116116 169175 153153 193193 293293 165175 227227 191197 236240 107107 107115
p7_i7_____, 151151 198198 165171 293293 209209 178178 200206 215215 099099 128128 104104 166166 149157 116116 169175 156156 193196 293293 165175 227227 189197 236240 107112 107115
p7_i8_____, 151151 198198 165165 179179 209209 178178 185200 207220 099099 129128 094094 166169 155157 116116 169169 153156 193193 293295 165175 227227 191199 234236 107107 107117
p7_i9_____, 151151 198198 165165 293293 209209 178178 185200 220220 099099 129129 100108 166169 157157 116116 169169 153156 193196 293293 175175 227227 189199 234242 000000 107117
p7_i10____, 151151 198198 165171 161161 209209 178178 185200 207215 099099 129129 104106 166169 155159 116116 169169 156156 193199 293293 165175 227227 191197 236236 095095 107115
p7_i11____, 151151 198198 165165 295295 209209 178178 185200 207220 099099 129129 094094 169169 155157 116116 169169 153153 193196 295295 165175 229229 191191 234234 107107 115117
p7_i12____, 151151 198198 165165 293295 209212 178178 200200 207220 099099 129129 094104 166169 155157 116116 169169 153156 193196 293295 165175 227229 191199 234236 107107 107117
p7_i13____, 151151 198198 165167 293295 209209 178178 194206 215215 099099 129128 094102 154169 159159 116116 169177 156162 193193 293295 165175 227229 191195 238240 097112 107107
p7_i14____, 151151 198198 165165 293295 209212 178178 194200 207215 099099 129128 094102 154166 155159 116116 169177 153162 193196 293295 165165 227227 195199 234240 107112 107117
p7_i15____, 151151 198198 165167 293293 209209 178178 185206 215220 099099 129128 102104 166169 157159 116116 169175 156156 193193 293293 165165 227229 191197 240246 107107 107107
p7_i16____, 151151 198198 165171 293293 209209 178205 185200 215215 099097 128128 104106 169169 157157 116116 169175 153156 193193 293293 165165 227227 195197 238240 107112 107111
p7_i17____, 151151 198198 171195 293293 209209 178178 200200 215220 099099 129128 104104 169172 159159 116116 175175 156156 193196 293293 165175 227227 195199 234240 100107 107111
p7_i18____, 151151 198198 165167 293293 209209 178178 200200 207207 099099 129128 094104 154169 155157 116116 169169 156156 193196 293293 165175 227227 189195 234238 107107 107117
p7_i19____, 151151 198198 165171 293293 209209 178178 185200 215220 099099 128128 104106 166172 159159 116116 175177 156156 193196 293293 165175 227227 195197 236240 100107 109109
p7_i20____, 151151 198198 165171 157157 209209 178178 200218 215215 099099 128128 104104 169172 155159 116116 177175 153156 193196 293295 165165 227227 191195 236240 100107 107107
p7_i21____, 151151 198198 165167 175175 209209 178178 200206 207215 097099 129128 104102 154169 157159 116116 169177 153156 193193 293293 165165 227227 189195 238240 107107 107107
p7_i22____, 151151 198198 165165 293293 209209 178178 185191 215220 099099 129128 100104 166175 157159 116116 169169 156156 193193 293293 175175 227229 191195 236238 097097 107109
p7_i23____, 151151 198198 165165 293293 209209 178178 185200 215220 097099 128128 104104 157169 155159 116116 169169 156156 193196 293293 165175 227227 195197 236238 100107 107107
p7_i24____, 151151 198198 165165 293293 209209 178178 185200 215215 099099 129128 102104 154166 149159 116116 169175 153153 196196 293293 165175 227229 189197 236240 107107 107115
pop
p8_i1_____, 151151 195195 167185 293293 209209 178178 194194 215215 099099 128131 108108 157157 157157 116116 169182 156162 190193 293293 165165 229233 191197 236240 092107 115115
p8_i2_____, 151151 195195 167167 293295 209209 178178 194200 215215 099099 129128 102106 166166 153157 116116 175175 156156 193199 293295 165165 229229 191193 238238 097107 109111
p8_i3_____, 151151 195195 167167 295295 209209 178178 200200 215215 099097 128131 100104 154166 157157 116116 169175 156156 193193 295295 165165 229229 191191 238238 107107 107113
p8_i4_____, 151151 195198 167185 293295 209209 178178 197200 215215 099099 128128 100106 160166 157157 116116 169175 156156 193193 295293 165175 229231 191195 236240 100100 117117
p8_i5_____, 151151 198198 167185 293293 209209 178178 191200 215215 099099 128128 104106 154169 157157 116116 169175 156156 193202 293293 165165 227229 193195 236238 107107 117117
p8_i6_____, 151151 198198 167187 293295 209209 178178 197200 215220 099099 128128 106108 157169 157159 116116 175175 162162 193202 293295 165167 229229 191193 236238 107107 109117
p8_i7_____, 151151 195198 165187 293293 209209 178178 197194 215215 099099 128128 100100 166169 157159 116116 169175 156162 193193 293293 165175 227229 195197 236236 107107 107117
p8_i8_____, 151151 198198 167185 295295 209209 178178 197200 215215 099099 129128 100106 166166 157161 116116 169175 156156 193193 295295 165167 227229 195195 242242 097100 117117
p8_i9_____, 151151 198198 167187 293293 209209 178178 194200 215220 099099 128128 106108 154166 157159 116116 169169 156156 193193 293293 165165 227233 191193 242242 107107 109113
p8_i10____, 151151 198198 167167 295295 209209 178178 194203 215215 099099 129128 094102 157166 157157 116116 175175 156156 193199 295295 165165 229229 191195 242244 097107 107117
p8_i11____, 151151 195195 185187 293293 209209 178211 194194 215220 099099 129128 104106 157157 157157 116116 169169 156156 193193 293293 165165 229229 191191 238240 100107 107117
p8_i12____, 151151 198198 165185 293295 209209 178178 200200 207215 099099 128128 100106 157166 157159 116116 169169 156156 193193 293295 165165 229233 195195 236240 107107 107107
p8_i13____, 151151 198198 167167 293295 209209 178178 194200 215215 099102 128128 102106 166169 157157 116116 169175 156162 193199 293295 165165 229227 191195 238244 107107 107107
p8_i14____, 151151 195198 167169 293293 209209 178205 194200 207215 099099 128128 104106 157166 157157 116116 169175 156156 193202 293293 165175 229231 191193 236246 107107 107113
p8_i15____, 151151 195198 167187 293293 209209 205205 200200 215215 099099 128128 106106 166166 157159 116116 169175 156156 193193 293293 165165 227231 191191 236244 107107 117117
p8_i16____, 151151 198198 167185 293295 209209 178178 194200 215215 099099 128128 106106 166166 157157 116116 169175 156156 193196 295293 165167 229229 193195 236236 100107 113117
p8_i17____, 151151 195198 167167 293295 209209 178178 194194 215220 099099 129128 104108 157166 157157 116116 169175 156156 193202 295293 165175 229229 191195 236236 104107 107117
p8_i18____, 151151 195198 167167 295293 209209 178178 197200 215215 099099 129128 106106 157166 157159 116116 169169 156156 193193 295293 165175 229231 191193 236240 107107 107109
p8_i19____, 151151 198198 167185 293293 209209 178178 194203 215215 099099 129129 104106 157166 157159 116116 169175 156162 193199 293293 165165 227231 195201 238248 100107 109111
p8_i20____, 151151 195198 167173 295295 209209 178178 200203 215220 099099 128128 106106 166169 157157 116116 169169 156156 193199 295293 175175 227229 191193 234236 097107 107109
p8_i21____, 151151 198198 163167 293295 209209 178178 185200 215220 099099 128128 102102 166166 157161 116116 169169 156162 193202 293295 165165 227229 191195 238238 107107 109113
p8_i22____, 151151 195198 167167 295295 209209 178178 194200 215215 099099 129128 106106 166166 157157 116116 169175 156156 193193 295295 165165 227235 195195 232240 107107 107117
p8_i23____, 151151 195198 167167 295295 209209 178205 200203 215215 099099 129129 106106 157166 157157 116116 169169 156156 193193 295295 165165 227229 195195 236240 107107 107115
p8_i24____, 151151 198198 167167 295293 209209 178211 200203 215215 099099 128128 104106 157166 157159 116116 169169 156156 193193 295293 165165 227229 191191 236238 107107 113115
p8_i25____, 151151 198198 167167 293293 209209 178205 194200 207220 099099 128128 094104 157163 157157 116116 169169 156156 193193 293293 165165 231235 191195 238238 107107 107115
p8_i26____, 151151 198198 167189 293293 209209 178178 191203 215220 099099 129128 100102 157169 157157 116116 169175 156156 193193 293293 165165 229229 195197 252255 107107 111111
p8_i27____, 151151 198198 167185 295295 209209 178211 200218 215215 099099 129129 100100 166169 153157 116116 169175 153156 193193 295295 165175 231231 191197 234234 107107 117117
p8_i28____, 151151 198198 167167 293293 209209 178211 176194 220220 099099 129131 102102 154169 157157 116116 169175 156156 193193 293293 165165 229229 193193 236244 107107 107109
p8_i29____, 151151 198198 167185 293295 209209 178178 194194 220220 099097 129128 104106 166169 157157 116116 169175 156156 199199 293295 165165 229229 191193 238244 107107 107107
p8_i30____, 151151 195198 167167 293293 209209 178178 194200 215215 099099 129129 104106 166166 157159 116116 169169 156156 193202 293293 165165 229231 191195 238242 107107 107107
p8_i31____, 151151 198198 167167 293295 209209 178178 194194 215220 099099 129128 106106 166166 157157 116116 175175 156156 193193 293295 165165 229229 191191 242246 097100 109117
p8_i32____, 151151 198198 167167 293295 209209 178178 194200 215220 099099 129129 102102 166166 157157 116116 169175 156156 199199 293295 165165 229231 191195 242246 100107 107117
p8_i33____, 151151 195198 167167 293295 209209 178178 194194 215220 099099 129128 104108 157166 157157 116116 169175 156156 193202 295293 165175 229229 191195 236236 104107 107117
p8_i34____, 151151 195198 167167 293295 209209 178178 200200 215215 099099 129128 102104 169169 157157 116116 169169 156156 196199 295293 165165 231231 193193 238244 107107 107113
p8_i35____, 151151 198198 167167 293293 209209 178211 197194 215215 099099 128128 106106 154166 157157 116116 169169 156156 193199 293293 165165 203229 191193 238238 097107 107117
p8_i36____, 151151 195198 167167 293295 209209 178178 194218 215220 099099 129129 106106 166169 157157 116116 169169 156162 193199 293295 165165 231231 191191 236240 100104 107115
p8_i37____, 151151 195198 167187 293295 209209 178178 200203 215215 099099 129128 094104 157166 155159 116116 169175 162162 199199 293295 165175 227229 185191 242244 100107 107117
p8_i38____, 151151 195198 167167 295293 209209 178178 194194 215220 099099 128128 100106 166169 157157 116116 169175 156156 202202 295293 165165 227229 191191 236240 097100 115117
p8_i39____, 147151 195198 165165 293295 209209 178205 194200 215220 099099 128128 106108 157169 157157 116116 169175 162162 193199 293295 165165 229229 191195 240242 107107 107113
p8_i40____, 151151 198198 165167 293295 209209 178178 197200 207215 099099 129128 106106 166166 155157 116116 169175 156156 193196 293295 165165 229229 191195 240242 107107 107117
p8_i41____, 151151 198198 165167 293295 209209 178178 191194 215215 099099 128128 100104 166166 159159 116116 169175 156162 193193 293295 165165 229229 193195 236238 107107 115117
p8_i42____, 151151 195198 167185 293293 209209 178178 191197 215215 099099 128131 102104 154166 157157 116116 175175 153156 193193 293293 165165 229229 191193 236240 107107 107117
p8_i43____, 151151 195198 165167 295295 209209 178205 182197 211215 099099 129128 106106 166166 157157 116116 169169 156162 193193 295295 165165 229229 191191 240240 100107 107109
p8_i44____, 151151 198198 167167 293293 209209 178205 194200 215215 099099 128131 106106 154166 157157 116116 175175 156156 196202 293293 165175 229233 193195 238240 107107 107117
p8_i45____, 151151 195198 167167 295293 209209 178205 194194 207215 099099 129128 102106 157166 157159 116116 169169 156156 193199 295293 165175 229229 191193 236240 100107 107107
p8_i46____, 151151 195198 167167 293293 209209 178178 194200 215215 099099 128128 100100 154154 157159 116116 169169 156162 193193 293293 165175 229229 191195 234240 097107 115117
p8_i47____, 151151 195198 185185 293293 209209 178205 197194 215220 099099 129129 106106 166166 157157 116116 175175 156156 193202 293293 165165 231231 191193 240244 097107 107107
p8_i48____, 151151 198198 167167 155157 209209 178178 185200 215215 099099 129131 088106 166166 157157 116116 169169 156156 193202 293295 165165 227231 191193 238240 107107 105107
p8_i49____, 151151 198198 167167 151151 209209 178178 194194 215215 099099 129128 104106 166166 157159 116116 169169 156156 193193 295293 165165 231231 199205 238238 107107 107113
p8_i50____, 151151 198198 167167 295295 209209 178205 194200 215215 099099 129128 106106 157169 157157 116116 169175 156156 193193 295295 165165 229231 195201 236242 100107 107113
p8_i51____, 151151 198198 167167 295293 209209 178178 194200 215215 099099 129129 104108 154157 157159 116116 169169 156156 193193 295293 165165 229231 193197 236236 100107 107117
p8_i52____, 151151 195198 167185 295293 209209 178178 185200 207207 099099 129131 104106 166166 157157 116116 169175 162162 193193 295293 165165 229235 193195 234242 107107 107107
p8_i53____, 151151 195198 167167 151159 209209 178178 200200 215215 097099 129131 100106 166166 155157 116116 169169 156156 193199 293293 165165 229229 193195 236238 107107 113117
p8_i54____, 151151 195198 167167 295293 209209 178178 194200 215215 099097 129129 102108 166172 157161 116116 175175 156162 193193 295293 165165 229231 195197 236238 107107 107117
p8_i55____, 151151 198198 167185 293293 209209 178178 194218 215215 099099 129128 104104 154166 149157 116116 169169 156156 193196 293293 165165 229231 189191 240240 107107 113117
p8_i56____, 151151 198198 165167 293293 209209 178178 194194 215220 099099 128128 100102 157157 157157 116116 169175 156156 193193 293293 165175 229229 191193 234236 107107 107115
p8_i57____, 151151 195198 167167 293295 209209 178178 194203 207220 099102 129128 102102 166169 157157 116116 169169 156156 193199 293295 165165 231233 191195 238240 107107 107107
p8_i58____, 151151 198198 167167 155159 209209 178178 194218 220220 099099 128128 104104 166166 157157 116116 169169 156156 196199 295295 165165 231231 191191 236238 107107 117117
p8_i59____, 151151 195198 167185 151157 209209 178178 176200 215215 099099 129128 104104 166166 157157 116116 169175 156156 193199 293295 165165 231231 196193 238242 107107 107117
p8_i60____, 151151 195198 167183 151167 209209 178178 194203 215215 099099 129128 104104 157166 159159 116116 175175 156162 193193 293295 165165 231231 191195 242244 092107 107107
p8_i61____, 151151 198198 167167 159159 209209 178178 194200 207215 099099 128128 102102 169169 157157 116116 167167 156162 193193 293293 165165 229229 191191 240240 107107 107115
p8_i62____, 151151 195198 167185 293295 209209 178178 194194 215215 099099 129128 108108 163166 157157 116116 169175 156162 193193 293295 165165 229229 191191 240240 107107 107117
p8_i63____, 151151 198198 167167 151151 209209 178178 203209 215215 099099 128128 102106 154154 157157 116116 169169 156156 193199 295295 165165 229229 191193 242244 107107 107117
pop
p9_i1_____, 151151 195198 185185 295295 209209 178178 185200 215215 099099 129129 106106 157169 157157 116116 169175 156162 193199 295295 165165 231235 191193 236240 107107 107109
p9_i2_____, 151151 000000 000000 000000 209209 178178 194194 000000 099099 000000 000000 157166 157157 116116 000000 156156 193193 000000 165165 000000 191195 000000 107107 107107
p9_i3_____, 151151 195198 167167 293293 209209 178178 185185 220220 099099 129128 102102 154166 159159 116116 169169 156156 193193 293293 165165 229229 191193 240242 107107 117117
p9_i4_____, 151151 198198 163193 151155 209209 178178 185194 215215 099099 128128 104104 154166 153157 116116 169175 156156 193193 295295 165165 229229 191195 236238 107107 107115
p9_i5_____, 151151 195198 167195 295295 209209 178205 194200 215220 099099 129128 100106 154166 157157 116116 169175 156162 193196 295295 165165 229229 191195 238242 097107 107107
p9_i6_____, 151151 198198 167167 293293 209209 178205 197197 215220 099099 128128 102104 154166 157157 116116 175175 156156 193193 293293 165165 229229 183195 236240 107107 107115
p9_i7_____, 151151 198198 167167 151151 209209 178178 203203 215215 099099 129128 100100 157166 157157 116116 169175 156156 193193 293293 165165 229235 191195 238244 097107 107117
p9_i8_____, 151151 198198 167193 293293 209209 178178 194200 215215 099099 128128 108110 166166 157157 116116 169175 156156 193193 293293 165165 229231 191191 236252 107107 107115
p9_i9_____, 151151 198198 165187 295293 209209 178205 203203 215215 099099 129129 104104 166169 157157 116116 169169 156156 193193 295295 165165 229229 191191 234236 097107 107115
p9_i10____, 151151 195198 167183 293295 209209 178178 185194 220220 099099 129128 106106 157169 153157 116116 175175 156162 199199 293295 165165 229229 189191 238240 107107 107113
p9_i11____, 151151 195195 167167 151151 209209 178205 197200 215215 099099 128128 102102 154166 157157 116116 169175 156162 193196 293295 165165 229231 191193 244244 107107 107117
p9_i12____, 151151 195198 167185 293295 209209 178178 185203 215220 099099 129128 102106 154166 159159 116116 169175 156156 193193 293295 165165 229229 193195 238244 107107 115117
p9_i13____, 151151 000000 000000 000000 209215 178178 185200 000000 099099 000000 000000 166166 157157 115115 000000 156156 193193 000000 000000 000000 191191 000000 107107 107107
p9_i14____, 151151 198198 167167 295295 209209 178208 185194 220220 099099 129128 100100 154157 157157 116116 169169 156156 193193 295295 165165 229229 193195 240242 100107 107115
p9_i15____, 151151 195195 167167 151159 209209 178208 191200 215220 097099 128128 104104 154166 157159 116116 169175 156156 193199 293295 165165 231231 191195 240240 097097 107113
p9_i16____, 151151 198198 177185 295295 209209 178205 200200 215215 099099 128131 106106 166172 157157 116116 175175 156156 193199 295295 165165 229229 191195 236236 107107 107117
p9_i17____, 151151 198198 167185 155157 209209 178178 194194 215220 099099 129128 102104 154166 157157 116116 169177 156162 193193 293293 165165 229229 191195 238238 100107 115115
p9_i18____, 151151 195195 167167 293295 209209 178205 185194 220220 099099 129128 094094 157169 153157 116116 169169 156156 193193 293295 165165 229231 191191 236236 107107 107107
p9_i19____, 151151 198198 167167 295295 209209 178178 200200 220220 099099 129128 088102 166166 157157 116116 169169 156156 193193 295295 165165 227227 191195 240244 107107 113117
p9_i20____, 151151 198198 167185 295293 209209 178178 200200 215220 099099 129128 088088 166166 157157 116116 169169 156156 193193 295293 165165 227229 189193 242242 097107 115117
p9_i21____, 151151 195195 167167 295293 209209 178178 200200 215220 099097 128128 104104 154169 157159 116116 169175 156156 199199 295293 165165 229231 193195 238240 097107 107117
p9_i22____, 151151 198198 185185 159159 209209 178178 194194 215215 099099 128128 102102 166166 157159 116116 169169 156156 193196 293295 165165 231231 191191 236244 107107 115117
p9_i23____, 151151 195195 167167 293295 209209 178178 191200 215220 099099 128128 102104 154166 157159 116116 169175 156156 193193 293295 165165 235235 195195 236238 107107 107117
p9_i24____, 151151 195198 167167 293295 209209 178178 185200 215215 099099 128128 106106 160166 157157 116116 169169 156162 193193 293295 165165 229233 191193 236240 107107 107107
p9_i25____, 151151 195195 167193 293295 209209 178205 194200 215220 099099 128128 106106 157166 157159 116116 175175 156156 193193 293295 165165 229231 193195 234238 107107 107115
p9_i26____, 151151 195195 167185 293293 209209 178178 200206 207207 099099 128128 102102 154166 153157 116116 169175 156162 193193 293293 165165 229227 191193 238244 107107 107117
p9_i27____, 151151 195198 167193 295295 209209 000000 194200 215220 099099 129128 106106 157169 159159 116116 000000 156156 193196 295295 165165 229229 191195 236240 097097 115117
p9_i28____, 151151 198198 167185 293293 209209 178205 197200 207215 099099 129128 102106 166169 155159 116116 169175 156156 193199 293293 165165 231231 191193 234238 107107 107113
p9_i29____, 151151 195198 167167 293293 209209 178178 200203 215220 099099 128128 104104 166166 157157 116116 169171 156156 193193 293293 165175 229229 191195 244246 107107 107113
p9_i30____, 151151 198198 167185 295293 209209 178205 197197 207215 099099 129129 104106 166166 153161 116116 175175 156162 193193 295293 165165 229229 191193 238244 107107 107115
p9_i31____, 151151 195198 169185 293293 209209 178178 185194 220220 099099 129128 106106 166166 153161 116116 169169 156156 193193 293293 165165 229229 191193 234240 107107 107117
p9_i32____, 151151 198198 167185 295295 209209 178178 185194 215220 099099 129129 106106 166166 157159 116116 175175 156156 193193 295295 165165 229235 193193 240240 100107 107115
p9_i33____, 151151 195198 167169 293293 209209 178178 194194 215215 099099 129128 106106 157166 157157 116116 169175 156156 193193 293293 165165 231231 191195 238238 107107 107107
p9_i34____, 151151 198198 167185 155155 209209 178178 185194 215215 099099 129128 106106 157166 153159 116116 175175 156156 193193 293295 165175 229231 193195 234236 097107 107107
p9_i35____, 151151 198198 167167 157157 209209 178205 194200 215215 099099 129129 106094 166166 157159 116116 169169 156162 193193 295295 165165 231235 191193 236236 097097 107115
p9_i36____, 151151 198198 167167 157157 209209 178178 194200 215220 096099 129129 106106 166169 157157 116116 169175 156162 193199 293295 165165 231235 191191 238240 107107 107115
p9_i37____, 151151 198198 163185 293295 209209 178178 194200 207215 099099 128128 104106 166166 157157 117117 169175 156156 193199 293295 165175 231231 193193 236246 107107 107111
p9_i38____, 151151 195198 167185 293295 209209 178178 194206 207215 099099 129128 106106 166166 155159 116116 175169 156156 193199 293295 165165 227229 191191 238244 107107 107109
p9_i39____, 151151 198198 185193 293295 209209 178178 194203 215220 099099 128128 102106 160166 157157 116116 175175 156162 193193 293295 165165 231235 191193 236240 107107 107115
