title
locus1, locus2, locus3, locus4, locus5, locus6, locus7
pop
p1_i1_____, 369371 219219 224224 314318 320320 136136 349349
p1_i2_____, 369369 219219 226226 320320 306308 136136 349351
p1_i3_____, 361371 219219 226226 320324 306320 136136 351351
p1_i4_____, 359369 219219 226226 332336 306306 136136 349351
p1_i5_____, 000000 219219 224226 314314 298306 136136 339349
p1_i6_____, 359385 217219 222224 000000 308318 136136 349349
p1_i7_____, 359359 219219 224226 312318 306306 136136 347349
p1_i8_____, 371371 219219 226226 312320 318318 136136 000000
p1_i9_____, 369387 219219 226226 314318 308320 136136 349349
p1_i10____, 359361 219219 226226 312322 306308 136136 349351
p1_i11____, 371371 219219 226226 314314 306318 136136 351351
p1_i12____, 000000 217219 224224 000000 000000 136136 349351
p1_i13____, 000000 219219 226226 316334 298306 136136 339349
p1_i14____, 385387 217219 224226 318322 308308 136136 349349
p1_i15____, 361361 219219 226226 314320 318322 136146 347349
p1_i16____, 369385 219219 224226 312322 306306 136136 000000
pop
p2_i1_____, 000000 219219 224226 320332 308308 136136 339355
p2_i2_____, 000000 219219 224226 314314 302312 136136 339355
p2_i3_____, 000000 219219 224226 312320 312318 136136 339351
p2_i4_____, 000000 219219 224226 312314 300310 136136 349355
p2_i5_____, 000000 219219 224226 312320 312318 136136 347351
p2_i6_____, 000000 219219 226226 304318 308320 136136 351355
p2_i7_____, 000000 219219 224226 312316 320324 136136 339353
p2_i8_____, 000000 219219 224224 316322 306306 136136 339351
p2_i9_____, 000000 219219 224224 316318 308320 136138 339339
p2_i10____, 000000 219221 224224 304304 312320 136136 339351
p2_i11____, 000000 219221 224244 312320 320320 136136 351355
p2_i12____, 000000 219221 224226 314314 300320 136136 339349
p2_i13____, 000000 219219 224244 304322 318320 136136 339339
p2_i14____, 000000 219219 226226 318320 318324 136136 351357
p2_i15____, 000000 219219 224226 314322 318320 136136 339347
p2_i16____, 000000 219219 224224 304320 300308 136136 339339
pop
p3_i1_____, 361369 219219 224224 314318 308318 136136 339339
p3_i2_____, 361367 219219 226226 314320 308318 136136 347355
p3_i3_____, 367367 219219 224224 314314 314318 136136 349353
p3_i4_____, 361367 219219 224226 314314 318318 136136 339353
p3_i5_____, 361367 219219 224226 312324 312312 136136 339339
p3_i6_____, 367369 219219 224224 314318 000000 136136 000000
p3_i7_____, 361361 219219 224224 312314 312318 136136 339347
p3_i8_____, 000000 219221 226226 314316 318320 136136 353355
p3_i9_____, 361367 219219 224224 314314 300300 136136 339353
p3_i10____, 361361 000000 224226 312312 322322 136136 000000
p3_i11____, 369369 219227 224226 316316 318318 136136 000000
p3_i12____, 367367 219219 226226 314314 318322 136136 349349
p3_i13____, 367367 219219 224226 314314 302318 000000 339339
p3_i14____, 367367 219219 226226 314314 318322 136136 347349
p3_i15____, 367369 219219 224226 312316 300318 136136 339339
p3_i16____, 361361 219221 226226 314314 300318 136136 349353
pop
p4_i1_____, 367367 219219 224224 316318 314320 136136 339339
p4_i2_____, 361367 219219 224224 304312 312312 136136 349353
p4_i3_____, 000000 219221 224224 314316 312312 136136 349353
p4_i4_____, 361367 219219 224226 318320 308318 136136 353353
p4_i5_____, 369369 219219 224226 314314 314314 136136 339349
p4_i6_____, 367367 219219 224226 318320 312312 136136 339339
p4_i7_____, 369369 219219 224226 314320 314318 136136 339349
p4_i8_____, 367369 219219 224224 312316 306320 136136 339339
p4_i9_____, 367367 219219 224224 314318 320320 136136 339349
p4_i10____, 367369 219219 224226 312314 308312 136136 347353
p4_i11____, 367367 219219 226230 304320 310312 136136 339339
p4_i12____, 361367 219219 224226 312314 308312 136136 339349
p4_i13____, 367367 219219 224224 304322 312318 136136 339349
p4_i14____, 367371 219219 224224 314318 306320 136136 339345
p4_i15____, 361367 219219 224224 314314 312312 136136 339353
p4_i16____, 367371 219219 224224 304316 312320 136136 339353
pop
p5_i1_____, 000000 217219 224224 304314 300312 146146 000000
p5_i2_____, 000000 000000 224224 316318 310310 136146 339339
p5_i3_____, 000000 217219 226226 312314 308314 136136 000000
p5_i4_____, 000000 217219 224226 304318 308322 000000 339339
p5_i5_____, 000000 219219 224224 314318 308322 136136 000000
p5_i6_____, 000000 219219 224226 318318 300318 136136 339339
p5_i7_____, 000000 219219 224226 312314 320322 136136 339339
p5_i8_____, 000000 217217 224224 312314 308312 000000 339339
p5_i9_____, 000000 217219 226226 314320 000000 136146 339339
p5_i10____, 000000 219219 224226 318322 300306 136136 339347
p5_i11____, 000000 219219 226226 316318 312320 136136 339347
p5_i12____, 000000 219219 226226 314318 310310 136136 339347
p5_i13____, 000000 219219 224226 314318 308312 136136 339347
p5_i14____, 000000 219219 224224 312314 312322 136136 339347
p5_i15____, 000000 219219 224224 312312 300312 136136 339349
p5_i16____, 000000 219219 224224 304318 312312 136136 339339
pop
p6_i1_____, 367369 219219 224226 318320 306320 136136 347351
p6_i2_____, 367367 219219 224226 314322 318318 136136 347355
p6_i3_____, 000000 219219 224226 312314 310312 136136 341351
p6_i4_____, 367367 219219 224224 320322 312320 136136 339357
p6_i5_____, 367369 219219 224226 304312 310318 136136 339339
p6_i6_____, 367367 219219 226226 318320 308318 136136 339351
p6_i7_____, 367367 219219 226226 304318 300304 136136 339347
p6_i8_____, 367367 219219 224224 314314 318320 136136 339355
p6_i9_____, 367367 219219 224224 304318 312322 136136 339351
p6_i10____, 367367 219219 224224 318322 312320 136136 353355
p6_i11____, 367367 219219 224226 304318 308312 136136 353355
p6_i12____, 367367 219219 224226 320322 308322 136136 347355
p6_i13____, 367367 219219 226226 312318 320320 136136 339347
p6_i14____, 367367 219219 224226 314322 308312 136136 355355
p6_i15____, 367367 219219 226226 316318 320320 136136 355355
p6_i16____, 367367 219219 224226 314316 318324 136136 347347
pop
p7_i1_____, 361367 219219 224226 314314 320320 136136 339347
p7_i2_____, 000000 219219 226226 314314 300300 134136 339339
p7_i3_____, 361367 219219 224226 314320 300322 136136 337339
p7_i4_____, 367369 219221 224226 304314 312318 136136 337339
p7_i5_____, 367367 219219 224224 312320 300324 136136 339339
p7_i6_____, 367367 219219 224224 312314 320324 136136 339339
p7_i7_____, 367367 219219 224224 314324 302322 000000 347347
p7_i8_____, 367367 221221 226226 318320 300320 136136 337349
p7_i9_____, 361367 219219 226226 314314 306308 136136 339353
p7_i10____, 369369 219219 224224 316320 310318 136136 339351
p7_i11____, 361367 219219 224226 318320 318318 136136 339339
p7_i12____, 000000 219219 226226 314314 300306 136136 355355
p7_i13____, 367367 219219 224224 314316 312320 136136 339355
p7_i14____, 000000 217219 226234 318330 300312 136142 339341
p7_i15____, 367367 219219 224226 322322 310322 136136 000000
p7_i16____, 000000 219229 224226 314314 320320 136136 339339
pop
p8_i1_____, 367367 219219 224224 312322 296320 136136 349349
p8_i2_____, 359367 219219 224226 314318 318320 136136 339355
p8_i3_____, 367367 219219 000000 322322 296320 136146 339347
p8_i4_____, 361367 219219 224230 304312 296306 136136 339339
p8_i5_____, 367367 219219 224230 314322 296312 136136 349357
p8_i6_____, 367371 219219 224224 314314 296320 136136 339347
p8_i7_____, 367367 219219 224224 312312 296296 136136 339339
p8_i8_____, 367367 219219 000000 314322 296296 136136 339347
p8_i9_____, 367367 219219 224224 304312 306320 136136 347349
p8_i10____, 367367 219219 224226 312322 296308 136136 339349
p8_i11____, 367367 219219 224224 314322 296306 136136 339339
p8_i12____, 365367 219219 224224 312312 296306 136136 339339
p8_i13____, 367367 219219 224230 312314 296320 136136 339347
p8_i14____, 367367 219219 224226 304318 310318 136136 347349
p8_i15____, 367367 219219 224224 314318 312318 136136 347353
p8_i16____, 361367 219219 224224 322322 318320 136136 347355
