title
locus1, locus2, locus3, locus4, locus5, locus6
pop
p1_i1_____, 283283 000000 161167 302314 322324 278286
p1_i2_____, 281281 000000 161167 318318 322322 278278
p1_i3_____, 281281 000000 167170 306306 324328 278278
p1_i4_____, 283283 000000 164173 316316 322322 276280
p1_i5_____, 000000 000000 167173 314328 322324 278286
p1_i6_____, 285285 293296 167170 320324 322326 278284
p1_i7_____, 285285 000000 170173 316326 322322 268286
p1_i8_____, 281285 000000 167170 302304 322324 276280
p1_i9_____, 000000 293293 164170 302302 322322 270284
p1_i10____, 285285 284293 164173 314326 322328 278284
p1_i11____, 285285 000000 161170 302302 322324 000000
p1_i12____, 285285 284293 164167 302304 322322 278278
p1_i13____, 287287 000000 170170 304304 324324 278278
p1_i14____, 285285 000000 164173 314320 324326 278278
p1_i15____, 287287 284293 164173 316326 322328 278284
p1_i16____, 285285 284293 167170 000000 322324 284284
p1_i17____, 281281 000000 173173 320320 322322 278278
p1_i18____, 285285 000000 167170 324324 324324 268278
p1_i19____, 281281 284284 164170 000000 324330 278284
p1_i20____, 279279 293293 164170 314320 322322 276278
p1_i21____, 285287 284293 167167 318318 324328 278288
p1_i22____, 281283 000000 167167 300300 000000 284290
p1_i23____, 281281 000000 167167 314320 322322 268284
p1_i24____, 285285 000000 161167 316316 322322 278278
p1_i25____, 279283 000000 161167 314314 322322 284286
p1_i26____, 281281 000000 161167 314314 322324 276278
p1_i27____, 285285 293293 170170 316322 322324 278278
p1_i28____, 285291 000000 167170 304304 322322 278278
p1_i29____, 283285 000000 000000 314314 322324 280280
p1_i30____, 281283 000000 167170 302316 322328 284286
p1_i31____, 281281 293293 161167 324324 322322 278280
p1_i32____, 000000 000000 170170 302314 322322 284290
p1_i33____, 293293 293293 161167 302316 324326 278280
p1_i34____, 279283 000000 167170 316316 322322 278284
pop
p2_i1_____, 287287 000000 000000 310310 322328 276290
p2_i2_____, 000000 000000 158167 304304 000000 280288
p2_i3_____, 283283 293293 161170 314326 322328 278290
p2_i4_____, 000000 000000 000000 300314 322324 276280
p2_i5_____, 277277 000000 161167 312316 322322 276278
p2_i6_____, 285285 293293 161161 328328 322322 268282
p2_i7_____, 283283 293293 000000 312316 324324 278290
p2_i8_____, 281281 293293 167170 316316 328328 278286
p2_i9_____, 293293 293296 170173 314314 328328 284290
p2_i10____, 283283 293293 167167 314314 322324 268284
p2_i11____, 271275 000000 167173 304304 324324 280284
p2_i12____, 283283 000000 167167 302316 324324 276284
p2_i13____, 283283 293293 167173 000000 322322 280280
p2_i14____, 279279 000000 167170 304306 324324 286286
p2_i15____, 279279 000000 000000 314320 322328 280286
p2_i16____, 283283 293293 164170 314320 328328 286290
p2_i17____, 281293 000000 000000 300300 322328 280282
p2_i18____, 275283 000000 161167 314314 322322 278280
p2_i19____, 275283 293293 000000 300300 322328 278290
p2_i20____, 283283 296296 170170 302302 322322 264288
p2_i21____, 285285 293293 167167 314326 322322 280284
p2_i22____, 275281 000000 161167 314314 322328 278278
p2_i23____, 275275 000000 167167 314314 322324 268284
p2_i24____, 285285 293293 167167 314314 322324 278284
p2_i25____, 281281 284296 167179 318318 322328 268290
p2_i26____, 283283 000000 167167 302302 322324 290290
p2_i27____, 283283 293293 000000 314320 322328 280280
p2_i28____, 000000 000000 000000 302316 324324 268278
p2_i29____, 277281 000000 164167 304304 322326 278280
p2_i30____, 000000 000000 167170 314320 000000 268276
pop
p3_i1_____, 275285 293293 158170 300300 322328 278284
p3_i2_____, 000000 293293 170176 300300 322328 268278
p3_i3_____, 275287 000000 158161 314314 324324 268284
p3_i4_____, 289291 000000 167167 314328 322324 284284
p3_i5_____, 281289 000000 167170 314314 322324 278284
p3_i6_____, 283283 284284 000000 314326 328328 278284
p3_i7_____, 283283 000000 161167 300300 322322 268278
p3_i8_____, 281283 000000 161167 300300 322324 278284
p3_i9_____, 283291 000000 170170 314328 322326 268276
p3_i10____, 287287 293296 170170 302320 322324 284284
p3_i11____, 277277 000000 167170 300310 000000 000000
p3_i12____, 279279 293293 167170 300300 322322 278278
p3_i13____, 283289 000000 170170 300300 322322 000000
p3_i14____, 291291 000000 167170 302302 328328 284284
p3_i15____, 275281 284284 167167 300300 000000 000000
p3_i16____, 283283 000000 164170 300300 322328 278284
p3_i17____, 283283 000000 167170 314314 322328 278284
p3_i18____, 275293 000000 155161 314326 000000 000000
p3_i19____, 283283 000000 167170 314314 322322 268284
p3_i20____, 279291 000000 158158 300300 322324 284284
p3_i21____, 283283 284284 155164 000000 328328 000000
p3_i22____, 293293 000000 167167 000000 324328 278278
p3_i23____, 299301 000000 155167 000000 322324 284284
p3_i24____, 275289 000000 167167 302302 322324 276280
p3_i25____, 285285 000000 167170 300300 322322 278284
p3_i26____, 000000 000000 000000 300300 322322 278280
p3_i27____, 289289 296296 167170 302302 328328 268284
p3_i28____, 281281 296296 170170 300300 324328 284284
p3_i29____, 291291 284284 167170 000000 322322 284286
p3_i30____, 271293 000000 164170 300300 322322 284284
pop
p4_i1_____, 279279 000000 167167 314326 320326 268290
p4_i2_____, 281281 000000 170170 300300 320328 000000
p4_i3_____, 277277 000000 161167 328328 322326 268282
p4_i4_____, 283287 000000 164167 314326 320322 278280
p4_i5_____, 279279 000000 167167 320326 324328 278280
p4_i6_____, 275281 000000 167170 314326 000000 268282
p4_i7_____, 279279 000000 164167 320320 322324 268282
p4_i8_____, 289289 284284 167167 314320 320322 268286
p4_i9_____, 275283 296296 164167 300300 324328 276284
p4_i10____, 279279 284284 000000 302314 322324 284286
p4_i11____, 275279 000000 167167 302314 322322 276278
p4_i12____, 281281 000000 164167 312326 322324 268278
p4_i13____, 000000 293293 167167 316322 322324 268284
p4_i14____, 000000 293293 164173 300302 322324 278280
p4_i15____, 281283 293293 164167 316328 324328 278284
p4_i16____, 281281 000000 164173 322322 322322 284286
p4_i17____, 285285 000000 179179 316316 322324 268280
p4_i18____, 285285 000000 158173 304326 322322 284286
p4_i19____, 275281 293293 161164 000000 324326 284286
p4_i20____, 285289 293293 158164 316316 324328 268286
p4_i21____, 285285 000000 170170 314314 322324 284284
p4_i22____, 277277 284293 167173 300300 324324 284284
p4_i23____, 281281 284293 158164 300300 320322 268284
p4_i24____, 283283 293293 000000 314326 320322 284284
p4_i25____, 000000 000000 164167 302302 322324 284284
p4_i26____, 275279 000000 161164 324328 322326 280284
p4_i27____, 283283 000000 167167 320326 000000 270270
p4_i28____, 283283 293293 000000 326326 324328 268284
p4_i29____, 277277 293293 167170 314322 000000 276278
p4_i30____, 281287 293293 164167 320320 320324 268284
p4_i31____, 000000 000000 164167 304316 324324 278284
p4_i32____, 289289 000000 167170 000000 320326 000000
pop
p5_i1_____, 277287 000000 164167 000000 322322 284286
p5_i2_____, 281283 000000 170170 300300 320320 268284
p5_i3_____, 283283 284284 167167 314326 322324 284284
p5_i4_____, 000000 000000 000000 316316 322322 268292
p5_i5_____, 000000 293293 161164 302302 322324 280290
p5_i6_____, 277277 000000 170170 310310 320324 284292
p5_i7_____, 000000 000000 161173 320326 000000 278284
p5_i8_____, 287287 296296 167167 300300 322322 278280
p5_i9_____, 287287 296296 167167 300300 320320 278280
p5_i10____, 283283 000000 167170 314314 324324 268286
p5_i11____, 287287 296296 170170 316322 000000 286292
p5_i12____, 275275 000000 167170 320326 000000 282288
p5_i13____, 000000 000000 167170 314332 000000 286290
p5_i14____, 277277 000000 000000 320320 000000 268290
p5_i15____, 275285 299299 167167 314314 000000 270288
p5_i16____, 281281 000000 164170 310310 324324 286286
p5_i17____, 277277 000000 164170 320320 324324 276284
p5_i18____, 275275 000000 164164 302302 324324 270286
p5_i19____, 275275 000000 164167 318318 000000 278286
p5_i20____, 281281 000000 164167 300300 000000 282286
p5_i21____, 275281 287287 167167 318328 324324 280286
p5_i22____, 279279 287287 167170 000000 000000 280280
p5_i23____, 277285 299299 000000 000000 000000 268284
p5_i24____, 275285 000000 161173 324324 000000 286286
p5_i25____, 277277 000000 161161 000000 000000 268284
p5_i26____, 275275 000000 161167 000000 000000 268290
p5_i27____, 279279 000000 164167 318330 000000 280286
p5_i28____, 279279 000000 167167 318328 000000 280286
pop
p6_i1_____, 285289 000000 167170 000000 000000 280292
p6_i2_____, 275283 000000 167167 000000 000000 280286
p6_i3_____, 283287 000000 167167 000000 000000 270290
p6_i4_____, 281291 000000 161170 320320 000000 280280
p6_i5_____, 275281 000000 167167 314326 000000 270288
p6_i6_____, 275289 287287 158161 000000 000000 278290
p6_i7_____, 285285 000000 161161 328328 324330 270280
p6_i8_____, 285285 000000 152164 000000 000000 270280
p6_i9_____, 275281 000000 170170 000000 000000 286288
p6_i10____, 289291 000000 164170 000000 324328 270286
p6_i11____, 283283 000000 164167 320320 326326 280286
p6_i12____, 275285 000000 164167 318318 324326 270286
p6_i13____, 281281 000000 152164 316316 000000 280288
p6_i14____, 281281 000000 161170 304318 324326 280282
p6_i15____, 281283 000000 000000 322326 326326 270280
p6_i16____, 285289 296296 158170 302302 000000 286290
p6_i17____, 275275 000000 167167 300300 000000 282288
p6_i18____, 283291 000000 158170 000000 000000 278280
p6_i19____, 000000 000000 164164 312324 322322 286288
p6_i20____, 275275 000000 158161 324324 324330 280284
p6_i21____, 275283 296296 164167 314326 000000 286288
p6_i22____, 275281 000000 158170 326326 322330 286286
p6_i23____, 275275 287287 161170 310310 000000 280286
p6_i24____, 279281 287287 170170 314326 324328 286286
p6_i25____, 000000 293293 167170 000000 000000 270280
p6_i26____, 281287 000000 170170 302302 322322 280286
p6_i27____, 000000 000000 164170 000000 326330 270270
p6_i28____, 000000 296296 170170 300300 000000 282288
p6_i29____, 000000 299299 170170 302322 000000 000000
pop
p7_i1_____, 283283 293293 164176 300302 320320 268284
p7_i2_____, 283283 293293 161164 300312 322322 284284
p7_i3_____, 000000 293293 167167 318324 320320 268288
p7_i4_____, 275283 000000 164164 312324 320320 268276
p7_i5_____, 275285 293293 161173 298312 000000 268276
p7_i6_____, 000000 296296 164167 000000 000000 268268
p7_i7_____, 281283 296296 161167 300314 320322 284284
p7_i8_____, 000000 293293 164173 320320 322328 268268
p7_i9_____, 275285 296296 161164 314320 322324 268268
p7_i10____, 000000 000000 161170 320326 320322 284290
p7_i11____, 000000 000000 167167 314314 320328 284286
p7_i12____, 275287 293293 167170 300300 322328 268290
p7_i13____, 000000 293293 158170 314326 320320 284284
p7_i14____, 285285 293293 167170 300320 324328 284284
p7_i15____, 000000 000000 164170 320320 320320 268284
p7_i16____, 275283 000000 167167 320320 320322 268278
p7_i17____, 000000 284284 170170 314326 320326 268276
p7_i18____, 275283 000000 170170 300320 320326 276276
p7_i19____, 283283 000000 161167 310320 320328 268284
p7_i20____, 000000 000000 000000 300314 324328 268278
p7_i21____, 275281 293293 161164 314324 328328 284290
p7_i22____, 281291 293293 164167 316320 322322 268290
p7_i23____, 273281 000000 158161 314320 326328 268284
p7_i24____, 275281 000000 161167 320320 322326 268268
p7_i25____, 281281 000000 167170 320324 320320 278284
p7_i26____, 275285 293293 167170 302320 324328 268284
p7_i27____, 283283 296296 161170 300314 322328 268284
p7_i28____, 275283 000000 161164 312312 322322 284284
p7_i29____, 281283 293293 167170 300300 324328 284284
p7_i30____, 283283 296296 167170 300316 320322 282284
pop
p8_i1_____, 275275 293293 164170 314324 322324 268276
p8_i2_____, 287287 293293 158167 000000 328328 268268
p8_i3_____, 279279 293293 167170 314322 000000 268284
p8_i4_____, 283283 293293 161167 300300 322328 284284
p8_i5_____, 281287 293293 167170 314320 322328 268286
p8_i6_____, 000000 293293 167170 300324 000000 268284
p8_i7_____, 281283 293293 167170 320324 322328 000000
p8_i8_____, 281281 284293 164167 300324 322322 286288
p8_i9_____, 281285 000000 167170 312320 322324 268268
p8_i10____, 281281 284284 167170 300320 324328 268278
p8_i11____, 279279 293293 158161 314324 322324 268286
p8_i12____, 283293 284293 167170 314324 322324 268284
p8_i13____, 283283 293293 170170 314324 324328 268284
p8_i14____, 275283 284284 164167 320324 322328 284290
p8_i15____, 287287 293296 167167 300320 322326 268284
p8_i16____, 283283 000000 164164 312324 328328 000000
p8_i17____, 283283 296296 164167 326326 322326 268288
p8_i18____, 281281 284284 161167 302308 322328 276284
p8_i19____, 275283 293293 158161 320320 322322 268284
p8_i20____, 000000 284284 167170 320324 322322 268284
p8_i21____, 000000 000000 000000 314320 328328 280284
p8_i22____, 283283 293293 167170 300324 322324 268290
p8_i23____, 275289 293293 000000 300314 320322 284288
p8_i24____, 283285 000000 164170 300324 000000 268278
p8_i25____, 275295 293293 167170 312324 322322 268268
p8_i26____, 283293 293293 164167 314324 324328 268268
p8_i27____, 285285 296296 167170 320324 324324 268284
p8_i28____, 283283 000000 170170 302302 322324 284284
p8_i29____, 277285 000000 000000 312324 324324 278284
p8_i30____, 000000 284284 167170 302320 324324 284286
p8_i31____, 000000 293293 167170 300320 000000 268284
pop
p9_i1_____, 277285 293296 161164 304316 322324 280284
p9_i2_____, 289289 000000 167170 302302 326330 270278
p9_i3_____, 273285 000000 167170 304326 324328 286288
p9_i4_____, 283283 293293 167170 302316 324330 292292
p9_i5_____, 283285 000000 164167 316322 322324 278284
p9_i6_____, 273273 000000 000000 316326 324324 270280
p9_i7_____, 277293 000000 164167 316322 324324 280280
p9_i8_____, 275279 293293 158164 316326 326326 278278
p9_i9_____, 295297 000000 167170 302316 324330 284290
p9_i10____, 279283 293293 158161 000000 000000 276284
p9_i11____, 277283 000000 164170 314326 324330 286290
p9_i12____, 283285 293293 161167 310316 000000 268290
p9_i13____, 279283 293293 164170 316326 000000 284290
p9_i14____, 283283 293296 158167 316322 324326 278284
p9_i15____, 275285 293293 167170 324324 324324 284286
p9_i16____, 259273 296296 164167 302316 000000 268286
p9_i17____, 000000 293296 167170 000000 000000 268286
p9_i18____, 285287 293293 161167 322326 324324 280286
p9_i19____, 283285 293293 164170 304322 324324 270280
p9_i20____, 277289 293293 161167 304316 324330 270286
p9_i21____, 277285 296296 170170 302316 322326 284284
p9_i22____, 275283 293296 161167 316322 324324 284284
p9_i23____, 283285 000000 164170 000000 324324 270280
p9_i24____, 275283 293296 164167 302322 324324 286288
p9_i25____, 291295 293293 164167 310310 000000 284286
p9_i26____, 277277 293293 170170 302316 000000 268278
p9_i27____, 283285 293293 164164 310318 324324 278290
p9_i28____, 275275 293293 000000 322326 000000 284286
p9_i29____, 000000 000000 161164 314326 324330 286286
p9_i30____, 291291 293293 164170 302310 324324 270286
p9_i31____, 275281 293293 170170 000000 322324 268284
p9_i32____, 283285 293293 161164 316316 322324 286286
pop
p10_i1____, 289289 000000 167170 302322 324324 286286
p10_i2____, 291291 293293 000000 314314 324326 270286
p10_i3____, 275279 000000 170170 314326 324330 286288
p10_i4____, 281291 000000 161164 300314 000000 288288
p10_i5____, 283283 284284 000000 322322 000000 270286
p10_i6____, 275293 296296 170170 300314 000000 286286
p10_i7____, 275283 000000 164167 318324 324324 278286
p10_i8____, 281283 000000 164167 300314 000000 272278
p10_i9____, 281293 296296 158167 318318 324330 286286
p10_i10___, 283283 284296 161164 300320 000000 278284
p10_i11___, 275281 293293 164164 300300 000000 286286
p10_i12___, 275283 000000 167167 314326 000000 280286
p10_i13___, 277283 293293 167170 300300 000000 278284
p10_i14___, 285285 293296 167170 300300 000000 268268
p10_i15___, 275281 293293 164167 314326 000000 268278
p10_i16___, 283283 293293 170173 302302 000000 284286
p10_i17___, 283283 293293 000000 314314 000000 000000
p10_i18___, 279285 000000 164170 302322 322328 268284
p10_i19___, 275281 293296 170170 326326 322322 288290
p10_i20___, 277285 000000 158161 000000 324330 280280
p10_i21___, 285285 293293 164167 302312 324326 278284
p10_i22___, 275283 000000 167167 302316 324324 280288
p10_i23___, 281289 293293 164167 302322 330330 280280
p10_i24___, 283285 000000 164167 316322 324326 278292
p10_i25___, 275291 000000 170170 316326 322326 270280
p10_i26___, 275283 293293 167170 302302 000000 276290
p10_i27___, 275285 293293 161164 304316 324324 286286
p10_i28___, 285285 293293 170170 310310 000000 276286
p10_i29___, 277281 296296 170170 326328 324330 286288
p10_i30___, 281285 299299 170170 322326 324326 280286
pop
p11_i1____, 275281 284293 167167 314314 322322 268284
p11_i2____, 275281 293293 167170 314328 322328 284288
p11_i3____, 279281 293293 161170 310320 322326 278278
p11_i4____, 275281 293293 164167 316316 324328 276284
p11_i5____, 275283 296296 161161 322326 322328 276284
p11_i6____, 275275 293296 164167 308314 322322 268278
p11_i7____, 273273 293293 164170 314320 324324 268286
p11_i8____, 275283 000000 167170 314320 000000 000000
p11_i9____, 275281 000000 161161 300300 322322 278284
p11_i10___, 275283 000000 161170 314320 000000 000000
p11_i11___, 000000 000000 000000 300302 322324 284284
p11_i12___, 275283 284284 164164 310322 322322 268268
p11_i13___, 275285 000000 164167 314326 322322 268268
p11_i14___, 000000 000000 164164 300300 320320 284284
p11_i15___, 281281 293293 167167 300300 322324 284284
p11_i16___, 275283 293293 167170 300302 322324 278280
p11_i17___, 275283 000000 170170 314326 322328 284288
p11_i18___, 275275 000000 164170 320328 322322 284286
p11_i19___, 275283 000000 164173 310310 322324 284284
p11_i20___, 275283 000000 164167 310326 324324 268284
p11_i21___, 275287 284284 170170 300300 322322 290290
p11_i22___, 275275 000000 164164 314326 322322 268288
p11_i23___, 281281 296296 161167 310310 320322 284284
p11_i24___, 281287 000000 164173 314314 322328 288288
p11_i25___, 283283 293293 164167 300300 322324 284284
p11_i26___, 275281 293293 164176 306312 324328 268288
p11_i27___, 271281 284284 164176 322322 322324 284284
p11_i28___, 000000 293296 167167 316316 324328 284284
p11_i29___, 291291 296296 164164 000000 322324 294294
p11_i30___, 000000 296296 164170 302302 322322 278286
pop
p12_i1____, 273279 293293 164164 300320 320320 268284
p12_i2____, 279281 000000 164164 314314 000000 000000
p12_i3____, 283285 293293 164170 302314 000000 000000
p12_i4____, 281287 293293 164164 314326 000000 000000
p12_i5____, 283285 293293 164170 302314 000000 000000
p12_i6____, 273281 293293 164170 300314 320320 268284
p12_i7____, 273281 293293 167167 300308 322326 278278
p12_i8____, 273273 293293 170170 320324 320322 268286
p12_i9____, 275279 293296 170173 308324 322324 280284
p12_i10___, 273279 293293 164164 300326 322326 268284
p12_i11___, 273279 000000 164170 314320 322328 268280
p12_i12___, 271281 293293 161161 314314 320322 278284
p12_i13___, 279279 293293 164164 000000 322324 268284
p12_i14___, 273279 000000 167167 300324 322326 278284
p12_i15___, 279291 000000 167167 320324 320324 268284
p12_i16___, 281289 293293 000000 300300 320324 268284
p12_i17___, 275281 000000 164173 314320 322322 278278
p12_i18___, 275289 000000 158158 314320 000000 268286
p12_i19___, 275281 293293 161170 300300 322324 268284
p12_i20___, 281281 000000 164170 300308 328328 278284
p12_i21___, 275275 000000 164167 300314 000000 278284
p12_i22___, 275281 000000 000000 302320 320320 268284
p12_i23___, 271293 290290 170170 300314 322328 284284
p12_i24___, 281283 000000 155158 330330 320324 284322
p12_i25___, 275275 000000 161161 314326 320324 322322
p12_i26___, 275281 000000 164176 300300 322322 000000
p12_i27___, 275281 293293 000000 330330 000000 000000
p12_i28___, 273281 293293 000000 310322 000000 000000
pop
p13_i1____, 275281 293293 000000 000000 000000 278290
p13_i2____, 275283 293293 000000 324326 000000 268284
p13_i3____, 281281 284284 164167 302314 322324 278290
p13_i4____, 283283 293293 167167 302314 000000 278290
p13_i5____, 275275 000000 170170 314314 322322 278290
p13_i6____, 000000 000000 170170 314320 322322 278278
p13_i7____, 275285 284284 167170 314314 000000 278284
p13_i8____, 283285 284284 167170 300314 000000 278284
p13_i9____, 283283 293293 161167 300326 000000 268284
p13_i10___, 275281 293293 158170 314314 000000 268268
p13_i11___, 275281 293293 167167 300300 322324 268284
p13_i12___, 285285 293293 000000 314320 000000 276278
p13_i13___, 275281 284284 164170 320320 322324 284290
p13_i14___, 000000 293293 167170 000000 000000 278284
p13_i15___, 283295 000000 152164 300320 320322 268284
p13_i16___, 275281 293293 164170 314324 320320 268268
p13_i17___, 275275 293293 170170 314314 320326 268284
p13_i18___, 281295 293293 161164 314314 320320 284286
p13_i19___, 271283 000000 167167 314320 326326 284284
p13_i20___, 275279 000000 164167 302320 320320 268268
p13_i21___, 275283 296296 167170 300300 320320 284288
p13_i22___, 281291 284284 164167 314314 320326 000000
p13_i23___, 275287 293293 167170 314316 320320 268284
p13_i24___, 281295 000000 164170 314314 320322 284286
p13_i25___, 283285 293293 170170 300322 320320 278284
p13_i26___, 295295 293293 167170 316320 320326 268278
p13_i27___, 287287 000000 164167 320320 320320 268284
p13_i28___, 271283 000000 164167 320324 322322 000000
p13_i29___, 283283 293293 167167 316320 322322 282282
p13_i30___, 273281 284293 167170 320320 320326 280280
pop
p14_i1____, 279281 293293 164170 314320 320322 284286
p14_i2____, 283285 293293 161164 300324 320320 268284
p14_i3____, 281283 293293 170170 314314 320326 268284
p14_i4____, 275281 000000 161170 300314 320326 276284
p14_i5____, 275283 293293 164176 300324 320326 282284
p14_i6____, 275289 293293 170170 300320 326326 284284
p14_i7____, 000000 284293 161170 300314 324326 276284
p14_i8____, 275283 293293 164173 314314 320320 000000
p14_i9____, 275287 000000 170170 326328 320320 284284
p14_i10___, 275281 284284 170170 320326 320326 284284
p14_i11___, 275275 296296 167167 320326 320326 284284
p14_i12___, 275281 296296 170170 314320 320322 268284
p14_i13___, 271283 000000 164173 300320 320320 284284
p14_i14___, 283287 000000 170170 314320 320322 278284
p14_i15___, 275281 293293 167167 314320 320320 284284
p14_i16___, 000000 293296 164170 300300 000000 000000
p14_i17___, 275281 296296 161173 314314 320322 278284
p14_i18___, 275275 000000 155164 314326 320322 284288
p14_i19___, 275281 284293 167170 314320 320320 268284
p14_i20___, 281281 000000 167173 314314 320326 284284
p14_i21___, 281283 293293 164173 300324 320326 284284
p14_i22___, 281285 293293 164167 302324 000000 278284
p14_i23___, 275281 000000 161164 314314 320326 276286
p14_i24___, 281281 000000 167167 310324 320320 000000
p14_i25___, 275283 000000 164173 314314 326326 284284
p14_i26___, 275281 293293 164170 314314 324326 278284
p14_i27___, 273273 293293 170170 308314 324326 268284
p14_i28___, 275281 293293 164167 314314 326326 278286
p14_i29___, 283283 293293 164167 312320 320320 284284
p14_i30___, 283283 293293 161164 308314 320326 284284
p14_i31___, 283283 293293 170170 314320 320320 284284
p14_i32___, 269281 000000 161167 314320 318326 000000
pop
p15_i1____, 283283 000000 167170 000000 322322 000000
p15_i2____, 283283 000000 164164 000000 322328 284284
p15_i3____, 271283 293293 167170 316328 322322 284284
p15_i4____, 000000 293293 164170 318318 000000 268276
p15_i5____, 000000 293293 164173 320320 000000 268268
p15_i6____, 275275 293293 167167 320326 322328 278284
p15_i7____, 285285 293293 161167 316328 324328 284284
p15_i8____, 291291 000000 164164 000000 322324 268268
p15_i9____, 275281 293293 158161 302328 322322 284284
p15_i10___, 275281 284284 000000 316316 000000 000000
p15_i11___, 275281 293293 158167 316316 322324 278284
p15_i12___, 285285 293293 164164 316322 322328 268284
p15_i13___, 275283 293293 170170 302302 322328 284284
p15_i14___, 285285 000000 167167 302316 328328 268284
p15_i15___, 283283 000000 161170 316316 322324 284284
p15_i16___, 285285 293293 164170 302326 322328 278284
p15_i17___, 000000 293293 167170 322322 322322 268284
p15_i18___, 000000 000000 170170 316316 322324 284290
p15_i19___, 275293 000000 000000 318318 322328 284288
p15_i20___, 275281 293293 161167 318326 324326 284284
p15_i21___, 275283 000000 164170 316318 322328 278290
p15_i22___, 275281 293293 158170 302316 322328 284286
p15_i23___, 000000 000000 164170 316318 322328 290290
p15_i24___, 000000 293293 000000 316316 322322 278278
p15_i25___, 000000 296296 170170 316322 322328 278284
p15_i26___, 275281 000000 164170 318322 322324 284290
p15_i27___, 283283 293293 167170 316316 322328 284284
p15_i28___, 275277 293293 167170 316322 322324 268286
p15_i29___, 275293 284284 164164 318326 322322 284288
p15_i30___, 275275 000000 000000 316316 322328 278288
pop
p16_i1____, 275281 293293 164170 318318 328328 284284
p16_i2____, 273273 293293 167170 310316 328328 284286
p16_i3____, 000000 000000 167170 316316 322328 268286
p16_i4____, 271277 293293 167170 322322 322328 268286
p16_i5____, 275281 293293 170170 304324 322322 268284
p16_i6____, 000000 293293 161164 302322 322322 284292
p16_i7____, 000000 293293 167167 322326 322322 284290
p16_i8____, 000000 000000 158161 316316 322322 284284
p16_i9____, 281283 000000 164167 316318 322328 268278
p16_i10___, 283283 000000 164173 322326 322324 284284
p16_i11___, 000000 293293 164170 000000 322322 284284
p16_i12___, 283283 000000 170170 312312 322322 284288
p16_i13___, 271283 293293 167170 316326 322324 268284
p16_i14___, 000000 293293 164173 312316 322322 284284
p16_i15___, 273287 293293 167170 302304 322322 268286
p16_i16___, 287291 293293 164170 304328 322324 276288
p16_i17___, 299299 293293 164170 316332 322328 284284
p16_i18___, 283283 293293 164167 316316 328328 276290
p16_i19___, 275287 000000 164176 000000 322328 268268
p16_i20___, 283295 293293 000000 304322 324328 284286
p16_i21___, 275283 000000 164170 314320 324328 284292
p16_i22___, 275281 293293 167170 314314 322328 278284
p16_i23___, 275279 293293 170170 000000 320322 284284
p16_i24___, 000000 293293 170170 320328 320322 268284
p16_i25___, 000000 284284 164170 000000 322326 284292
p16_i26___, 000000 293293 164167 314314 324328 284284
p16_i27___, 273281 293293 167170 300300 328328 268284
p16_i28___, 275281 293296 170173 000000 322322 284284
p16_i29___, 281283 284293 161170 310314 322322 284284
p16_i30___, 273281 293293 164167 300318 322328 284288
p16_i31___, 000000 293293 164167 314320 328328 278284
p16_i32___, 281287 293293 167170 320326 322322 284284
pop
p17_i1____, 000000 296296 173173 306324 322322 284288
p17_i2____, 275281 293293 167167 000000 322322 284284
p17_i3____, 275283 293293 167173 320320 322322 268284
p17_i4____, 275283 000000 167167 300314 322322 276284
p17_i5____, 281283 293293 167167 310320 322322 284284
p17_i6____, 000000 293296 000000 300308 322322 000000
p17_i7____, 281283 296296 164167 320320 322322 000000
p17_i8____, 283283 000000 167167 326326 322328 284284
p17_i9____, 283283 293293 173173 310310 322322 000000
p17_i10___, 283283 293293 167167 302324 322322 270284
p17_i11___, 269283 293293 167170 302302 322324 000000
p17_i12___, 281283 293293 164173 326326 322322 284288
p17_i13___, 283283 293293 173173 326328 322322 268284
p17_i14___, 000000 296296 167173 310320 322322 000000
p17_i15___, 281283 293293 164173 310326 322322 284284
p17_i16___, 281283 293293 000000 302320 322322 276284
p17_i17___, 281283 000000 000000 302326 322322 284288
p17_i18___, 275283 000000 167173 310314 322322 284290
p17_i19___, 281283 284284 164173 302324 322322 284288
p17_i20___, 283283 293293 167167 310314 322322 268288
p17_i21___, 281283 284284 167167 308326 322322 284288
p17_i22___, 275281 000000 167167 302320 322322 276288
p17_i23___, 281283 293293 170170 320326 322322 288288
p17_i24___, 000000 293296 164173 326326 322322 288288
p17_i25___, 000000 293296 167167 308320 322322 276284
p17_i26___, 000000 293296 164176 302302 322322 288288
p17_i27___, 283283 000000 164167 000000 322322 284288
p17_i28___, 281283 293296 167167 308320 322322 268276
p17_i29___, 275283 293293 173173 320326 322322 284284
p17_i30___, 275283 293293 167167 310320 322328 284288
pop
p18_i1____, 281295 284284 161167 300314 320326 268284
p18_i2____, 275275 284284 167167 000000 000000 000000
p18_i3____, 295295 284284 164167 320326 320322 268278
p18_i4____, 287295 284293 167167 314326 320326 268284
p18_i5____, 283295 284284 164167 312326 320322 268278
p18_i6____, 283283 293296 164173 316326 322322 268284
p18_i7____, 295295 284284 164173 302324 322328 268284
p18_i8____, 283283 000000 164167 314314 320326 268284
p18_i9____, 275275 284284 164167 302326 322326 284300
p18_i10___, 275295 000000 161167 314326 000000 000000
p18_i11___, 283295 000000 167167 320326 320326 284284
p18_i12___, 281285 000000 167167 326326 320326 276284
p18_i13___, 285295 000000 164167 312326 320320 276284
p18_i14___, 285295 000000 167167 314324 320326 276284
p18_i15___, 275281 293293 170170 310310 320322 268284
p18_i16___, 283285 293293 167167 320320 320322 284284
p18_i17___, 283295 296296 164167 316320 320326 284288
p18_i18___, 283285 293293 164167 306324 000000 000000
p18_i19___, 275295 293293 161161 314314 322322 284284
p18_i20___, 275295 293293 161161 314314 322322 284284
p18_i21___, 281295 293293 167167 316316 322322 276284
p18_i22___, 000000 000000 161167 320320 322322 284284
p18_i23___, 283285 000000 164173 320324 320326 284284
p18_i24___, 000000 000000 161161 314314 320322 284284
p18_i25___, 000000 284293 161161 000000 000000 284284
p18_i26___, 283295 293293 164167 320326 322326 284288
p18_i27___, 287295 293293 167167 314320 320320 284288
p18_i28___, 281295 000000 164167 326326 320326 268284
p18_i29___, 275275 284284 167167 302308 320326 268284
pop
p19_i1____, 000000 293293 167170 314320 322328 284284
p19_i2____, 000000 284284 167167 314326 322322 284288
p19_i3____, 281291 293293 164170 316320 322324 290290
p19_i4____, 000000 000000 164164 314314 322322 284284
p19_i5____, 283287 296296 000000 320320 322322 276284
p19_i6____, 281295 000000 167167 310314 322328 268284
p19_i7____, 283283 284284 161167 320328 322322 284288
p19_i8____, 000000 293293 161161 312320 322326 284284
p19_i9____, 000000 293293 164164 302320 322322 284284
p19_i10___, 000000 293293 161161 000000 322322 284288
p19_i11___, 000000 293293 158167 314320 322324 284284
p19_i12___, 000000 000000 167167 316320 322322 284284
p19_i13___, 281289 296296 167170 316326 322322 276288
p19_i14___, 000000 000000 164167 314326 322322 276284
p19_i15___, 287287 293293 167167 314314 322322 284288
p19_i16___, 000000 000000 164167 320320 322322 284290
p19_i17___, 000000 293293 167167 314320 322328 284288
p19_i18___, 275275 293296 167170 302302 322322 288288
p19_i19___, 000000 293293 164167 302320 322328 284288
p19_i20___, 000000 293293 158164 302308 320322 286286
p19_i21___, 000000 293296 164170 312314 322322 284284
p19_i22___, 000000 296296 164167 302314 322322 000000
p19_i23___, 287287 000000 161170 314320 322322 288288
p19_i24___, 275285 296296 170170 312324 322328 276288
p19_i25___, 275275 284284 161161 314320 322328 284284
p19_i26___, 275281 293293 164164 320326 322322 278292
p19_i27___, 281287 293293 158158 314324 322322 284290
p19_i28___, 277281 293293 164167 308308 320320 286292
p19_i29___, 275283 284284 167170 300314 322322 000000
p19_i30___, 281287 293293 167167 314326 000000 000000
p19_i31___, 277287 293293 161161 320320 000000 000000
pop
p20_i1____, 283283 284284 164164 312322 322328 284288
p20_i2____, 283283 296296 164164 300322 322328 284290
p20_i3____, 281281 293293 170170 302312 322322 284288
p20_i4____, 287291 293293 000000 316320 322328 278284
p20_i5____, 281291 293293 170170 302302 324328 284290
p20_i6____, 000000 293293 170170 308314 322322 284284
p20_i7____, 275285 293293 161164 302316 322322 268288
p20_i8____, 289289 284284 161161 000000 000000 276288
p20_i9____, 275287 293293 164173 322328 322322 284292
p20_i10___, 000000 000000 158167 316316 322322 284292
p20_i11___, 281295 000000 158167 322322 322322 276278
p20_i12___, 000000 296296 152164 300322 322322 288292
p20_i13___, 283285 284293 161164 318318 322328 284284
p20_i14___, 285285 293293 161167 302316 322322 268288
p20_i15___, 000000 000000 000000 318318 000000 284284
p20_i16___, 281287 293296 167167 300316 000000 284284
p20_i17___, 275279 293296 000000 316316 322328 288288
p20_i18___, 281291 000000 164164 300316 000000 268288
p20_i19___, 283283 293293 164167 314320 322322 284284
p20_i20___, 000000 284284 164164 308310 000000 276290
p20_i21___, 275281 293293 170170 300314 322322 284290
p20_i22___, 275281 293293 167170 300320 322322 288288
p20_i23___, 283283 293293 167167 322322 000000 268290
p20_i24___, 281281 000000 164170 314314 328328 286292
p20_i25___, 283283 284284 161164 308314 322322 284288
p20_i26___, 000000 000000 167167 300320 322322 288288
p20_i27___, 275287 293293 158158 300314 322322 284284
p20_i28___, 281283 284293 170170 314328 322328 284284
p20_i29___, 000000 293293 158158 322328 322324 288292
pop
p21_i1____, 283283 284296 167170 300322 322322 286290
p21_i2____, 275281 293293 164173 300300 000000 000000
p21_i3____, 275279 284293 164173 302302 000000 000000
p21_i4____, 275281 284293 170170 300308 322322 268268
p21_i5____, 275281 293293 000000 300300 000000 000000
p21_i6____, 281281 293293 161164 300300 322322 268292
p21_i7____, 275281 293293 000000 302302 000000 000000
p21_i8____, 275281 296296 164164 320328 322328 278284
p21_i9____, 000000 293293 161170 300308 322328 284290
p21_i10___, 283283 293293 164170 314326 322322 288288
p21_i11___, 281283 284284 000000 314316 322328 268276
p21_i12___, 281287 293293 000000 314314 322328 284284
p21_i13___, 000000 293293 170170 300314 322322 284288
p21_i14___, 281301 293293 167170 300300 322328 284284
p21_i15___, 283287 293293 158161 300314 322322 284288
p21_i16___, 281283 293296 161164 300314 322324 268290
p21_i17___, 281283 293293 161170 314320 322328 284288
p21_i18___, 275281 293296 164164 314326 322328 268278
p21_i19___, 000000 293293 170170 314328 322322 268292
p21_i20___, 275279 293293 164176 326328 322328 284288
p21_i21___, 273291 293293 173173 300320 322324 284288
p21_i22___, 275281 293293 167167 300320 324328 284288
p21_i23___, 000000 293293 161164 300326 322324 284284
p21_i24___, 271289 293293 167173 314326 322322 284284
p21_i25___, 275281 293296 164173 314314 320326 284288
p21_i26___, 281283 293293 164164 300300 322324 284288
p21_i27___, 281281 284293 167170 300302 322328 284284
p21_i28___, 281283 293293 167170 300300 322322 288288
p21_i29___, 000000 296296 161161 302320 322328 284288
p21_i30___, 000000 293293 167167 326326 322322 284288
p21_i31___, 275291 293293 164164 326326 322324 278278
