title
locus1, locus2, locus3, locus4, locus5, locus6, locus7, locus8, locus9, locus10, locus11, locus12
pop
p1_i1_____, 190190 335335 322324 366390 204204 216220 296304 148156 181185 238244 273305 174180
p1_i2_____, 218218 347347 324324 344360 204210 210210 280296 164164 185233 238244 279289 174178
p1_i3_____, 188188 325341 324326 352352 204208 220230 296298 150158 187203 238240 271279 174186
p1_i4_____, 186186 323333 326328 370380 204204 216220 296300 150150 181181 238238 287293 178182
p1_i5_____, 190190 335335 322324 352372 204210 216224 296302 148158 181185 238238 279279 186186
p1_i6_____, 184184 323327 324326 346368 204204 210220 296298 158158 181189 238238 275279 174174
p1_i7_____, 000000 333341 324336 356372 204204 220220 296296 158158 181181 238238 279289 174176
p1_i8_____, 186188 335343 338338 348348 204204 218220 296300 150156 181187 238238 279279 174174
p1_i9_____, 178178 335335 322324 348368 208208 216220 302310 156156 185187 238238 275279 174174
p1_i10____, 000000 323337 322324 364370 204206 220222 296296 160160 181185 238238 275275 174174
p1_i11____, 188188 323343 324342 352352 204206 220230 296296 158158 181187 238238 275305 174174
p1_i12____, 178178 335335 326330 348358 202204 220230 298300 158158 185201 238238 275279 194194
p1_i13____, 188188 323337 326338 000000 204204 206228 296300 152158 181181 238246 279305 184190
p1_i14____, 190190 325325 324324 364368 204204 208220 298300 148158 181205 242242 279279 174174
p1_i15____, 186192 325325 000000 000000 204208 212220 292304 000000 181187 242242 279291 180180
p1_i16____, 186186 323335 000000 342358 204206 224232 296306 156158 181185 236244 279279 178190
p1_i17____, 190190 335335 324326 364366 204204 228232 300302 156156 181197 238238 275327 184188
p1_i18____, 188198 323323 320324 368368 204204 212224 300302 152156 183185 240242 279291 178178
p1_i19____, 182190 333343 000000 348356 204204 226230 284298 156158 179187 238240 283305 176184
p1_i20____, 182190 353353 000000 352364 204204 224230 296300 156156 181181 240240 279291 174174
p1_i21____, 190190 325343 324338 342360 202204 220222 300302 156156 181185 238238 279283 186186
p1_i22____, 186186 335335 324326 360368 204204 230230 298300 156156 181181 252252 273279 170174
p1_i23____, 190198 335335 000000 356364 204204 218220 298300 158158 187233 238238 279285 178178
p1_i24____, 188188 339339 000000 346346 204204 226226 298302 154158 197199 238238 279301 178184
p1_i25____, 190192 325337 000000 350386 204204 216220 296298 156158 181187 238238 279285 188188
p1_i26____, 190190 329329 322324 356360 204204 220220 296296 150156 181215 242242 279305 174174
p1_i27____, 182184 323323 326334 356364 204204 220226 294300 152152 187197 238238 277283 174208
p1_i28____, 174188 323323 322328 382394 202204 218220 298298 150158 181181 238238 275279 174174
p1_i29____, 182188 335335 324324 350362 204210 220220 296298 156158 189207 238240 279293 174174
p1_i30____, 188188 335335 324326 354354 204204 220230 300306 150150 185187 238238 279279 178190
p1_i31____, 000000 333335 324326 368380 204204 230234 298302 156160 181181 238244 279281 178178
p1_i32____, 188188 327335 322326 342368 204204 220230 298306 156156 185187 238244 279281 174178
pop
p2_i1_____, 186186 337337 326336 338364 204210 228232 300304 156156 179203 238238 279305 174178
p2_i2_____, 190190 335335 322326 354376 204206 220226 298298 156158 187187 240246 275279 184192
p2_i3_____, 180198 323335 324326 350368 204206 210216 296298 158160 181181 238238 279291 174174
p2_i4_____, 182190 335335 328336 340378 204204 210230 296300 156156 179185 242246 275275 178178
p2_i5_____, 190190 311329 324328 352374 204204 228230 296308 156156 187219 242250 279285 172204
p2_i6_____, 188216 335343 326326 372372 204208 222230 296298 148148 181181 238238 279287 174174
p2_i7_____, 188216 323335 324326 342342 204204 210230 296296 158158 181189 242242 279287 184184
p2_i8_____, 182188 311323 322324 348378 204204 218232 298308 148148 181187 238250 279295 188188
p2_i9_____, 200200 337337 324340 364390 204204 220222 292296 152158 185189 238244 279305 174174
p2_i10____, 182216 339341 316326 354358 204204 220228 296296 158158 187201 238242 275277 174206
p2_i11____, 190190 323337 324328 372376 204204 216230 292296 148158 181187 238242 279279 000000
p2_i12____, 188190 335337 326328 354366 204204 228230 292296 156158 181187 238238 279291 172174
p2_i13____, 188188 325345 320324 358358 204204 210220 296298 150156 000000 238240 275279 180186
p2_i14____, 000000 335335 322324 358364 204204 218220 296296 158158 181189 240244 279279 180182
p2_i15____, 188190 327349 322324 342348 204210 226230 296300 148148 181187 238238 279279 174188
p2_i16____, 188188 327343 322326 352368 204204 210220 292296 150150 181213 242242 279291 178178
p2_i17____, 188188 000000 000000 000000 204204 220232 300302 160160 179187 238238 273279 178188
p2_i18____, 182182 335341 326328 372372 204206 214220 296304 158158 187193 240240 279281 174184
p2_i19____, 188198 337355 324324 364378 204204 210220 296298 158158 181201 240240 277277 000000
p2_i20____, 188188 319333 324326 338354 204206 210222 298300 158158 185201 236244 275289 178184
p2_i21____, 188188 311335 326328 358366 204206 218232 296302 150156 185211 238238 279279 184188
p2_i22____, 188188 323327 324326 342344 204204 202216 296296 152152 185199 244250 279279 174188
p2_i23____, 188192 327335 324324 354360 204206 216232 292300 156156 187187 238238 287291 178178
p2_i24____, 188188 335335 326326 340348 204204 220220 296302 156158 181193 240248 279291 174174
p2_i25____, 188188 335335 326326 360364 204204 216216 296302 156158 181181 238238 285303 178178
p2_i26____, 188188 335337 326326 358376 204204 216216 296302 156158 181193 240240 277277 178190
p2_i27____, 190190 327333 324326 364370 204204 218230 298300 156156 185187 238238 275291 178178
p2_i28____, 188192 331337 324324 342382 204204 232234 298300 156156 181187 238238 287291 176188
p2_i29____, 188188 333335 326326 346378 204204 210216 296298 156156 181181 238238 273279 174174
p2_i30____, 188188 335337 324324 358372 204204 218220 300306 158158 181205 238238 275279 174176
p2_i31____, 186190 335337 324326 354356 204204 216222 298304 156156 185185 238238 279285 174182
p2_i32____, 188188 337337 322324 350362 204204 216224 296302 158186 181201 238240 279307 174174
p2_i33____, 188188 321345 322322 342360 204210 202214 290298 156158 181197 238238 279279 174174
p2_i34____, 000000 333337 322328 348348 204204 220220 298298 156156 000000 244244 279287 174178
p2_i35____, 188188 337337 324328 000000 204210 210218 296296 156158 181181 238238 289291 174174
pop
p3_i1_____, 000000 323325 326346 342364 206206 222232 300304 156156 181205 238238 275279 174180
p3_i2_____, 188190 335337 326328 348360 204206 220232 298300 158158 185185 238244 273275 174174
p3_i3_____, 196196 337343 326328 348362 204204 226232 298298 156156 181181 238244 275305 190190
p3_i4_____, 196196 335343 326328 362362 204210 226232 296298 156156 181185 238246 275279 174182
p3_i5_____, 196196 325325 324328 338360 204210 232232 296302 156156 185209 238240 275305 174174
p3_i6_____, 190190 323331 326326 348368 206210 228232 296298 158158 181187 238248 279305 174178
p3_i7_____, 188188 327327 326328 362362 206210 226228 296304 156156 181185 238240 275275 174180
p3_i8_____, 190190 325327 326326 370370 204210 226228 298310 158158 181181 240240 275279 174174
p3_i9_____, 190190 323325 322326 360362 204206 228232 298300 158158 185191 238244 275305 174174
p3_i10____, 186186 323325 326328 350362 204210 226232 298298 156156 185187 238238 275279 174182
p3_i11____, 186188 325325 322326 360362 000000 228228 296298 156156 000000 238238 275291 174174
p3_i12____, 196196 323325 326328 362362 000000 228228 296298 156156 000000 236236 275275 174182
p3_i13____, 186186 325327 326328 342360 000000 228232 298304 156156 000000 238238 275279 174174
p3_i14____, 190196 323337 326326 362362 206206 216224 298298 158158 181185 238242 275291 190190
p3_i15____, 190196 323325 324328 362362 204206 228228 296298 158158 181181 244244 275279 174174
p3_i16____, 190198 323337 326326 358362 204206 222228 296296 158158 181185 238238 275279 174174
p3_i17____, 182196 323337 326326 348362 204206 218228 296298 158170 181181 238244 275305 186186
p3_i18____, 190190 335337 326328 356362 206206 224232 296302 156158 181195 240240 279279 174174
p3_i19____, 196196 323325 324326 348362 204204 222232 298306 158158 181181 238244 275279 174186
p3_i20____, 196196 325339 324348 376376 204206 228228 298302 156158 181187 238240 273279 174178
p3_i21____, 190190 337337 324326 370370 206206 222232 298300 156156 181185 238242 279291 174174
p3_i22____, 190196 335337 326326 350352 206206 222228 296304 158158 181185 238238 275279 174190
p3_i23____, 196196 331335 326326 338350 206206 218222 300304 158158 185185 238244 279279 190190
p3_i24____, 188188 325335 324326 350362 210210 226228 300304 158158 181181 238240 273293 174174
p3_i25____, 196196 337343 324326 362362 206210 228232 298298 000000 181185 238238 273305 174174
p3_i26____, 188188 337337 326326 348348 204204 226226 296306 158158 185185 240240 275279 174174
p3_i27____, 188188 325337 326326 370370 204206 228232 296300 156156 181181 238238 273275 174190
p3_i28____, 190196 325337 318326 350356 204210 228228 296296 158170 181181 236242 275279 186186
pop
p4_i1_____, 188188 323323 324326 346374 204206 226228 298298 156156 181187 238238 305305 178182
p4_i2_____, 200200 325349 322326 372372 204206 222228 296302 156156 185187 238238 291305 172174
p4_i3_____, 190190 325335 324326 348348 206206 222226 298300 000000 181181 238238 279279 174174
p4_i4_____, 196196 325337 324326 348354 000000 216228 296298 160160 179181 238238 305305 174182
p4_i5_____, 196196 337343 326328 354366 206206 220226 296306 158158 197197 240248 273293 174174
p4_i6_____, 188188 343343 324328 346348 204206 226228 296300 158158 181205 240240 279305 174180
p4_i7_____, 188188 323337 318322 362364 204206 226228 296298 156158 181187 238242 279279 174180
p4_i8_____, 188188 325327 324326 342350 204206 228230 298306 156156 181185 236242 275305 174174
p4_i9_____, 190196 325325 326328 362362 204206 230232 296296 160160 181185 236236 291305 174180
p4_i10____, 188188 325327 326328 350350 204208 224226 294298 156156 181181 238240 273305 178190
p4_i11____, 188188 323325 324326 350368 204206 226232 294298 000000 181181 238242 291305 174184
p4_i12____, 188188 337337 318324 350364 206206 222228 296298 156156 181185 238240 275305 182182
p4_i13____, 188188 327337 326326 338348 206206 222230 296300 158158 181181 238238 275293 174174
p4_i14____, 190190 323323 326326 348350 204204 222228 298304 160160 181185 238238 275305 174176
p4_i15____, 190190 335339 326328 356356 206206 228228 298302 158158 181181 238238 275279 174186
p4_i16____, 190190 343347 324326 362364 204206 210226 298306 158158 181181 240240 279279 174186
p4_i17____, 172188 325335 324324 338374 206206 228232 298300 158158 181179 238238 275293 180186
p4_i18____, 188188 315325 326326 342364 204206 222228 298298 000000 181179 238238 279293 182182
p4_i19____, 190190 323327 324326 346350 204204 226228 296300 160160 181185 238238 273275 174174
p4_i20____, 190190 329331 326326 348348 206210 228232 302304 158158 187189 236236 279305 174180
p4_i21____, 196196 323327 326326 348348 202206 222228 296300 158158 185187 242244 275275 174190
p4_i22____, 174186 323331 324326 342348 206206 228228 298300 158158 181181 238240 275277 174186
p4_i23____, 190190 325333 326328 338350 206210 232232 296304 158158 181209 238238 275305 174184
p4_i24____, 000000 337343 324326 364380 204204 224230 298298 158158 181181 236236 275275 174190
p4_i25____, 190196 323337 324324 358364 204206 226228 302308 158158 181187 236236 275275 184190
p4_i26____, 172188 323325 318328 360372 204206 228232 296296 158158 181205 238238 275305 174176
p4_i27____, 190190 323327 326328 350350 206210 222228 300304 158158 181189 238238 275305 174174
p4_i28____, 188188 325325 326328 358360 204204 220228 296298 156156 181181 238238 305305 172182
p4_i29____, 190196 323337 324324 358364 204206 226228 302308 158158 181187 236236 275275 184190
p4_i30____, 190196 325325 326326 342342 202204 216232 296298 158158 181181 238238 279305 174182
pop
p5_i1_____, 186190 323335 324324 360362 204206 218220 296296 150160 187189 238244 279279 172172
p5_i2_____, 184186 327335 322324 366374 204206 220232 298306 150158 187187 238240 291291 174174
p5_i3_____, 190190 341343 324326 372374 204204 230230 298300 150158 181181 246250 275279 174190
p5_i4_____, 186186 323335 324324 354358 206206 218220 302302 150150 181187 242242 279279 174174
p5_i5_____, 186186 323343 324324 350366 204204 232232 292296 156158 181187 238246 279295 176190
p5_i6_____, 186188 335343 324328 348374 204206 220220 292292 150156 181181 238238 277279 176176
p5_i7_____, 184184 325327 324324 344356 204204 218220 298300 156156 187187 238238 275279 174174
p5_i8_____, 190190 323335 324326 356372 204204 228232 292300 150158 181187 236236 305305 186186
p5_i9_____, 184186 335337 324326 364374 204204 228230 298302 150160 181211 238240 279293 174174
p5_i10____, 184188 323323 322326 358366 204204 214220 296298 150150 181181 240240 279287 174180
p5_i11____, 186186 333337 324328 358374 204204 210218 298300 150150 181181 240248 277305 174174
p5_i12____, 190190 325335 326336 344360 204204 220228 292298 156160 181187 238238 279303 174200
p5_i13____, 188188 325333 326336 346356 204206 222230 300306 156158 187209 238238 279281 170184
p5_i14____, 188188 325333 326326 356356 204206 220222 292306 152158 181209 238248 275281 174184
p5_i15____, 190190 323325 326328 366366 204204 214220 292300 148158 187219 238238 279279 178178
p5_i16____, 000000 327331 324324 338346 206206 216220 296296 156156 181209 238242 279283 174186
p5_i17____, 186186 317331 320326 338340 204206 214220 296298 158158 201209 238242 279283 174174
p5_i18____, 188188 335341 324324 338338 204206 220220 280296 156158 181209 238242 277283 174178
p5_i19____, 188188 335341 324328 344368 204204 226228 296300 156156 181181 242242 273279 000000
p5_i20____, 188188 333341 326328 342368 204204 228232 296300 148148 181187 238246 279289 174174
p5_i21____, 000000 317335 320328 340368 204204 220226 296296 148148 181209 238246 273279 174174
p5_i22____, 190190 341345 324324 370370 204204 218220 280298 156156 181181 238238 275277 174180
p5_i23____, 188198 335341 324324 338338 204204 218220 296298 156158 179181 242242 275279 174178
p5_i24____, 182190 319341 322324 338342 204204 226228 296300 156156 181185 242242 275287 174186
p5_i25____, 190192 323331 320322 350370 204204 220230 296300 156158 181187 238238 275287 184184
p5_i26____, 182190 319335 322324 338342 204204 218228 298300 156156 179185 242242 275287 178186
p5_i27____, 182190 319335 322324 338342 204204 218228 298300 156156 179185 242242 275287 178186
p5_i28____, 190190 319341 322324 342368 204204 228228 296298 148156 181185 244246 275279 178178
p5_i29____, 182192 323335 320322 342370 204204 220228 296298 156156 185187 238238 275287 186186
p5_i30____, 000000 331335 324324 344346 204204 216226 296300 156156 181181 238238 273283 174174
pop
p6_i1_____, 182182 331335 324336 342370 204204 206206 296302 156156 181187 238246 279279 174174
p6_i2_____, 182190 325335 326328 362384 204204 220232 296298 150158 179205 238248 279279 182188
p6_i3_____, 190190 323343 324326 362362 204204 220220 298302 150158 181181 238244 279279 166174
p6_i4_____, 000000 337337 326348 348348 204204 226232 000000 150158 185185 234250 279279 178188
p6_i5_____, 182190 321325 326332 378384 204204 210230 296298 156156 185199 238242 279291 174178
p6_i6_____, 190190 000000 000000 346368 204206 206220 296300 158158 187205 000000 279305 174174
p6_i7_____, 188188 335335 322322 358374 204208 220228 296304 148158 181185 242242 279279 178178
p6_i8_____, 186188 335335 326326 352362 204204 202214 304304 158158 179195 000000 277279 174174
p6_i9_____, 182198 331333 324332 378378 204204 220230 292294 150158 179195 240246 271279 174180
p6_i10____, 186186 325335 320324 374384 204204 218220 298304 152160 181187 238246 275279 174174
p6_i11____, 190190 325333 320338 346366 204212 218246 298298 158158 187199 246252 279279 174174
p6_i12____, 184184 335335 326328 352356 204204 210222 284292 148156 181181 238238 279301 174204
p6_i13____, 186188 335335 322334 356362 204204 230230 296296 156156 181181 242250 281289 174174
p6_i14____, 190190 339343 322326 342352 204204 220232 296300 148156 181187 238244 273279 186188
p6_i15____, 190190 335335 324324 348382 204204 226230 298300 154154 181187 238238 279281 174178
p6_i16____, 178186 333353 324326 356360 204206 214220 296298 158158 181181 240240 279287 180180
p6_i17____, 182188 323339 324326 346346 204204 216218 298300 150158 181185 238246 279279 174178
p6_i18____, 188188 321335 322328 352356 204204 216230 294294 152164 181187 238242 281281 174196
p6_i19____, 192192 331335 320324 346360 204208 210218 296298 154154 181187 238238 279279 172174
p6_i20____, 186186 335353 324324 356358 204204 214230 298300 148148 181187 238240 287305 174180
p6_i21____, 188188 333335 324328 342360 204206 216232 298302 158158 181181 238238 279279 174178
p6_i22____, 182190 323323 324326 346376 204204 222228 296296 162162 185185 238244 279279 170170
p6_i23____, 186188 333335 324326 348358 204206 220228 292300 158158 181181 242242 287291 184184
p6_i24____, 200200 337349 324324 368372 204206 218220 296308 156158 181181 238238 279305 174184
p6_i25____, 216216 335335 324324 342366 204206 210224 298310 156156 181189 238238 279287 178192
p6_i26____, 188188 323341 322328 352384 204204 222232 280300 148156 181181 238238 275293 174182
p6_i27____, 192192 325347 324326 358374 204204 222232 296296 158160 181187 238238 279287 172188
p6_i28____, 190190 335335 322336 340382 208210 220230 298302 158158 181187 238238 279305 188190
p6_i29____, 184186 323323 322324 350350 204206 220222 300304 152158 181187 238238 279285 174174
p6_i30____, 182184 335335 322330 338356 204204 220234 300302 150158 181205 240256 279279 174174
p6_i31____, 188188 335355 324328 364376 204206 220228 296298 152158 181181 238244 275279 172172
p6_i32____, 188190 337337 322324 350366 204204 220242 296296 154158 181185 238242 279291 174174
p6_i33____, 190190 325333 324334 364372 204204 216230 296298 158158 185189 240240 273279 174178
p6_i34____, 190190 333343 326334 344348 204204 220226 292296 158158 181197 238238 279279 174178
p6_i35____, 182182 335335 326326 342350 204212 220220 296296 156160 181181 238242 279279 174178
p6_i36____, 182190 321335 326328 360364 204216 220232 298304 158160 181187 238238 277287 180180
pop
p7_i1_____, 190192 323333 324324 348358 204206 228228 296304 158158 185199 238238 275277 186186
p7_i2_____, 188188 347347 324324 348360 204206 228228 296296 158158 185189 240244 277291 182186
p7_i3_____, 190192 323339 324324 344358 204210 226228 296296 156156 185185 238244 275277 174178
p7_i4_____, 190192 323347 324324 348358 204206 228228 296296 156156 189197 240240 277291 182182
p7_i5_____, 190190 333333 324324 348358 206206 228228 296296 156156 185197 240240 277291 182182
p7_i6_____, 190192 339339 326328 358358 206210 228228 296296 156156 181197 238244 273277 174182
p7_i7_____, 190192 000000 324328 348358 204206 222228 296296 156158 181181 238242 273277 000000
p7_i8_____, 190192 339359 326328 358358 210210 228228 296300 156156 185189 238238 273277 174182
p7_i9_____, 190192 339359 324328 348358 204204 000000 296296 000000 181181 238238 273277 174182
p7_i10____, 180180 333339 324324 348358 206206 228228 000000 156156 000000 242242 277291 182182
p7_i11____, 190192 323347 324328 348358 204210 228228 296296 156156 189197 240244 273277 174182
pop
p8_i1_____, 198198 335335 322338 348366 204204 220220 292308 150156 000000 238238 275289 000000
p8_i2_____, 216216 327335 324336 342342 204206 220228 296296 150158 181187 238238 279279 174180
p8_i3_____, 190190 325331 312326 348348 204204 220224 298302 158158 187187 240240 279281 178178
p8_i4_____, 182190 335335 320328 352366 204204 220232 300300 158158 181187 240244 279279 174174
p8_i5_____, 190190 323351 324326 342364 204206 216230 300302 158158 181181 238238 277279 184184
p8_i6_____, 188188 333335 326328 352366 204204 222232 302306 154154 181185 238238 279279 184184
p8_i7_____, 182200 325327 322324 344344 204204 228228 300302 156156 181187 238238 275279 180182
p8_i8_____, 190214 323335 324326 348364 204204 230230 296300 150158 187197 240244 275275 180182
p8_i9_____, 190190 335335 322324 344352 204204 216232 292302 150158 181181 238238 275279 174178
p8_i10____, 190192 327327 326326 364376 204204 226232 292296 150156 185187 238238 273279 184184
p8_i11____, 188188 333335 328328 364370 204204 216230 292302 158156 181181 240252 279279 174190
p8_i12____, 190190 323327 322326 346358 204204 218226 300300 156158 187187 238238 271275 174174
p8_i13____, 182188 323323 326326 376376 204204 210232 296296 150158 181187 238248 275275 174174
p8_i14____, 182188 323323 326326 376376 204204 202232 292296 150156 181187 240248 275279 174182
p8_i15____, 190190 327353 324326 360376 204206 204220 292300 150154 185197 238238 305311 178182
p8_i16____, 186190 327335 324326 372372 204204 222222 296298 150162 181207 238240 275277 180180
p8_i17____, 174188 323353 320322 348366 204204 228230 302310 148156 181187 240240 279283 178178
p8_i18____, 188188 323335 324324 352352 204206 220220 284298 156158 181187 238242 279279 178186
p8_i19____, 190190 325325 324330 360366 204204 220220 280300 150156 185207 240240 279301 178182
p8_i20____, 000000 331353 326338 348364 204204 228230 000000 156158 181187 238244 279279 180184
p8_i21____, 186190 335355 312326 344370 202204 222230 296296 152156 181187 238240 000000 174174
p8_i22____, 186186 331351 324326 366366 204208 220226 296296 150156 187187 240244 279279 184184
p8_i23____, 172190 325335 324324 352376 204204 220232 280292 158160 181207 238242 287303 178178
p8_i24____, 188190 327353 324326 346364 204204 202216 296300 148158 187205 238238 275279 182182
p8_i25____, 190194 335335 324328 356374 204208 228230 300302 148154 181187 238248 279279 178178
p8_i26____, 188198 323345 328328 348360 204208 216226 292298 000000 187187 238244 275323 174174
p8_i27____, 188188 331353 324326 348364 204204 216220 296296 156156 181181 238238 291295 182190
p8_i28____, 188188 327335 326326 348378 204204 216220 300302 158158 181181 238244 275275 190190
p8_i29____, 188188 335335 324336 364378 204204 210232 296300 148156 181181 236254 275279 178180
p8_i30____, 186186 331333 326336 342394 204206 218222 294298 156160 181213 238240 279279 170194
p8_i31____, 190190 335335 320324 342342 204206 220220 292302 156158 187187 240240 279279 174188
pop
p9_i1_____, 188188 337343 328328 348358 204206 216226 296298 156156 181185 240240 275275 172172
p9_i2_____, 190196 325325 326326 346356 204204 228228 296296 158158 181187 238240 275275 174182
p9_i3_____, 184184 337343 326326 338354 202202 228228 294294 158158 000000 238238 273273 174186
p9_i4_____, 186186 315345 318328 346346 204204 226228 296296 158158 181185 238238 275305 174180
p9_i5_____, 190190 325343 324328 338358 204204 228228 296298 158158 181185 238244 275279 174174
p9_i6_____, 190190 323337 324328 370372 204210 226228 296298 156156 181181 238238 275279 174184
p9_i7_____, 190190 325339 328328 360360 204206 216228 296298 158158 181187 238238 275279 174184
p9_i8_____, 196196 339339 326328 338360 204206 228232 298298 000000 185203 236240 279305 182184
p9_i9_____, 182188 335335 324326 342368 204204 226228 296306 156158 181181 238238 279305 174178
p9_i10____, 190190 337337 326326 338372 204206 222226 298300 156158 181189 240240 275305 174182
p9_i11____, 190196 325325 326326 338386 204206 226234 296298 158158 185205 240240 275275 174184
p9_i12____, 190190 327335 326328 358364 204204 228232 298298 158158 181205 238238 273275 174182
p9_i13____, 190190 335335 324326 358364 204206 226232 296298 156156 181205 238238 273305 174174
p9_i14____, 190196 323325 324346 342362 206210 228228 298298 158158 181181 238240 275275 174182
p9_i15____, 190190 000000 326328 364364 204206 222228 296298 154158 181185 238246 273305 000000
p9_i16____, 190190 323337 324326 356362 206206 230232 298298 158158 181187 240240 275291 172172
p9_i17____, 188188 337343 328328 338338 206210 228228 292298 158158 181195 238238 273305 172180
p9_i18____, 196196 323335 326346 342348 206210 220228 298300 158170 181185 238238 275305 182184
p9_i19____, 190196 335343 318326 342342 206206 232234 296298 170170 185187 238238 277277 184188
p9_i20____, 186186 325347 324326 348364 204206 228228 296298 000000 181181 238240 279305 174174
p9_i21____, 182188 343343 318346 356372 206210 228232 300306 156158 181205 238244 273279 178178
p9_i22____, 188188 323339 322346 362362 204206 216222 298298 158158 181185 238238 291291 174174
p9_i23____, 188188 325337 322326 338374 204204 228228 298298 158158 181185 238238 291305 174174
p9_i24____, 182188 331337 322326 348348 204206 222222 298298 156156 181185 238240 275279 174190
p9_i25____, 182190 315325 326326 348358 204206 220222 294300 000000 189197 238238 275305 184190
p9_i26____, 182190 315325 324328 338348 204206 222226 298304 158158 181185 238238 275275 176176
p9_i27____, 188188 337337 326328 348348 204204 226228 300306 158158 181181 238250 279305 000000
p9_i28____, 182182 327327 330346 350358 204206 222226 298298 158158 181185 236238 275277 174176
p9_i29____, 190190 323343 326328 356356 206206 228232 298302 170170 181185 238238 277305 174190
p9_i30____, 190190 339343 326328 356356 204206 228232 296298 156156 181185 238238 279291 174174
p9_i31____, 190190 331337 324326 346362 206206 228230 298298 156156 181185 238240 291305 174174
p9_i32____, 190192 323325 324326 348352 204204 228230 296296 000000 181181 240240 275279 174184
pop
p10_i1____, 188188 323335 326328 342344 204204 210230 300302 152158 181205 238242 273279 174180
p10_i2____, 190190 325351 320324 352374 204206 224226 280298 152156 181205 238252 279287 176184
p10_i3____, 190190 335343 326326 352364 204204 232232 296296 156158 181185 238238 279281 174174
p10_i4____, 190190 335343 326326 352364 204204 232232 296296 156158 181185 238238 279281 174174
p10_i5____, 172188 327329 324326 342374 204206 210218 298300 156158 185187 238248 279279 174190
p10_i6____, 184188 335335 326328 352354 204206 220228 296300 156156 181187 238238 275279 174178
p10_i7____, 184184 335353 322326 342342 204204 216218 298298 150154 201205 238238 279283 184190
p10_i8____, 188196 327327 320324 352352 204206 210220 296300 158158 185203 238250 279287 182190
p10_i9____, 188188 323335 326326 342378 204208 220220 296300 150154 185193 238248 275291 178180
p10_i10___, 186190 323343 324324 374376 204204 218220 296296 158164 187205 238250 279279 174178
p10_i11___, 172186 333361 326336 344348 204210 224248 300302 156158 181187 238238 291291 174186
p10_i12___, 190202 325335 322326 342378 204206 218230 296302 158158 187205 238238 279279 174174
p10_i13___, 188188 323335 320324 364364 204204 220230 296296 150156 185187 232238 273279 174174
p10_i14___, 190190 317333 324324 324324 204204 210220 294296 156156 187199 240244 279313 174174
p10_i15___, 188196 327327 322324 346350 204204 220230 292300 156158 187189 238238 273291 174178
p10_i16___, 188188 331353 326328 366366 204204 210230 298300 154158 181181 238238 275281 174174
p10_i17___, 186190 333353 324324 364372 204206 210210 298300 150156 181181 240240 279279 178178
p10_i18___, 186190 329331 324326 344352 204204 206220 292296 156158 181205 236236 275279 186200
p10_i19___, 184188 327335 324326 340352 204204 220220 296300 158158 203213 238240 273275 182182
p10_i20___, 188190 325335 324336 344352 204206 202228 296296 150150 181181 238238 275275 174186
p10_i21___, 188188 321335 326328 350368 204204 210222 296296 156156 181181 238238 277303 174184
p10_i22___, 188188 335335 322326 344374 204204 226226 298300 150150 181213 238238 279279 178178
p10_i23___, 172188 323323 324324 346364 204204 216224 292296 158158 181185 238240 285291 174178
p10_i24___, 188188 335335 312322 344364 204204 216220 296296 152156 181187 238240 277279 178184
p10_i25___, 190190 337341 326328 366366 204204 224226 296298 156160 181181 242242 277277 184190
p10_i26___, 190190 323327 322324 348356 204206 216224 296302 156156 181181 238238 291309 182182
p10_i27___, 188200 323335 326326 354362 204204 210230 296296 156156 185187 238240 273279 174200
p10_i28___, 186188 323341 322322 344356 204206 220222 296298 156156 181189 232238 273291 174184
p10_i29___, 190190 323335 320326 344344 204204 210216 300300 156156 181189 238240 281303 184184
p10_i30___, 190190 327331 320336 356364 204204 210232 296296 152158 181181 238238 279301 174178
p10_i31___, 180184 335343 326326 358360 206206 214216 298300 156158 181181 248252 275279 182186
p10_i32___, 190190 323333 322328 348360 204204 220224 300300 156158 181185 238240 277291 176184
p10_i33___, 186186 311339 324326 344346 204204 216220 298302 156158 181181 238248 275279 178194
p10_i34___, 190190 311335 322326 346360 204212 206232 298312 156156 181199 240240 291291 174194
p10_i35___, 190190 327361 324324 342342 204204 214232 296298 158158 181187 238238 279291 174190
p10_i36___, 190216 317335 326328 374376 204204 218232 298300 156160 181181 238238 275291 172172
p10_i37___, 182190 331335 324326 352352 202206 216230 296300 156158 181197 236238 279279 176176
p10_i38___, 190190 331337 326328 342352 204204 230230 296296 154154 181187 238238 279279 184184
p10_i39___, 190194 335335 312328 348380 204204 210220 298300 158158 181185 242242 279279 172184
p10_i40___, 188194 331335 324326 342378 204204 216226 294300 154158 181187 236236 277299 172190
p10_i41___, 188188 335335 322324 348350 204204 222226 296298 156156 181181 238244 279279 176190
p10_i42___, 182188 335335 324324 372372 204204 204230 292296 158158 181187 238242 281291 174174
p10_i43___, 184188 331343 328336 366382 204210 230232 296296 148158 181197 238238 279291 174186
p10_i44___, 186186 333335 324326 348348 204210 220230 296296 152158 185205 238238 275275 174184
p10_i45___, 184184 331335 324326 352352 204210 216230 292296 156158 181207 236238 279279 176176
p10_i46___, 190190 331337 326328 342352 204204 230230 296300 154156 181187 238240 279279 184184
p10_i47___, 194194 335335 312328 348380 204210 210220 296296 158158 185189 242242 279279 172184
p10_i48___, 186194 331335 324326 342378 204210 216226 296298 154158 181185 236236 279279 172190
p10_i49___, 186186 335335 322324 348350 204204 222226 296296 156156 181195 238244 279279 176190
p10_i50___, 190192 335335 324324 372372 204204 204230 296296 158158 181187 238242 279291 174174
p10_i51___, 184190 331343 328336 366382 204206 230232 296300 148158 181197 238238 279291 174186
p10_i52___, 184186 333335 324326 348348 204204 220230 296296 152158 187189 238238 275291 174184
p10_i53___, 190190 335335 320326 348348 204204 220230 292300 158158 185185 238238 279279 192192
p10_i54___, 184190 335337 324326 348378 204210 230232 296302 158158 181187 238240 275279 172178
pop
p11_i1____, 190190 323325 324324 346356 204204 228232 298304 158158 181195 238244 275305 174174
p11_i2____, 190190 325339 324328 346368 204204 232232 298304 158158 181181 240240 275279 174174
p11_i3____, 174186 315323 326326 348376 204204 222222 296296 158170 181181 238238 275275 186186
p11_i4____, 188188 315323 326326 348376 204204 222228 296298 156156 181181 238240 275279 174174
p11_i5____, 190190 325327 326326 346358 204206 228228 296300 158170 181185 238240 275305 174174
p11_i6____, 190190 315333 000000 348360 204204 222228 300302 158158 181187 240240 275275 000000
p11_i7____, 190190 327337 326326 338372 204204 224232 296298 158158 181181 240240 275275 182182
p11_i8____, 186186 325325 326326 348348 204206 228232 298304 158158 181181 238244 275305 176178
p11_i9____, 190190 323325 324326 370370 202204 216228 296296 170170 181187 238238 275305 174174
p11_i10___, 188188 315333 326328 350364 204206 228230 298300 152152 185187 238244 275305 174186
p11_i11___, 190190 323337 326326 348358 204206 222232 296298 156170 181181 240240 275305 174174
p11_i12___, 190190 315345 324328 342342 204206 228228 298302 156156 181185 238238 273279 174190
p11_i13___, 174188 325337 000000 350368 204204 216222 296298 158158 181219 238238 279279 176176
p11_i14___, 182190 323347 324324 338346 202206 222228 296296 154154 181187 238238 275279 186186
p11_i15___, 190192 343347 326326 338338 202204 222228 298306 156156 181189 240244 275277 182186
p11_i16___, 172188 347347 324326 350350 204206 222226 300300 158158 181185 244244 275275 174176
p11_i17___, 172188 335347 324324 000000 204206 222222 296300 158158 181201 238244 275275 176182
p11_i18___, 188188 323339 326328 348380 204206 220226 296296 152152 181181 238238 275279 174182
p11_i19___, 188190 323325 326326 348362 204206 216220 296298 158158 181181 238244 305311 174182
p11_i20___, 188188 337337 324324 338338 204206 228234 298304 156156 181181 240244 275305 174186
p11_i21___, 188188 325343 000000 338342 204204 222226 296298 158158 181187 238240 277291 000000
p11_i22___, 188188 325343 324326 348350 206206 224228 296298 158158 187209 238238 275279 174184
p11_i23___, 190190 323339 326328 348348 204204 228228 298300 154154 181185 238248 279279 174186
p11_i24___, 188188 337343 324326 366366 204204 228228 296298 158158 181185 238238 275275 174200
p11_i25___, 000000 325337 326326 348358 204206 228232 304306 158170 181181 240240 293305 182190
p11_i26___, 188188 323333 326326 362364 204206 228228 294300 156156 185185 238244 275275 174174
p11_i27___, 188188 325337 324326 338348 204206 228228 296296 156156 181205 242246 275275 174174
p11_i28___, 188190 315325 326328 350350 204204 222228 298306 156156 185197 238244 275275 174190
p11_i29___, 188188 325337 324326 338348 202204 222228 294298 156156 181185 238242 275279 174188
p11_i30___, 190190 323333 324326 338362 204204 216226 296298 000000 181185 238238 273305 174186
p11_i31___, 190198 323337 324326 348364 206206 216222 296296 158158 181187 238238 273305 180184
p11_i32___, 190190 323335 326326 348374 204204 226232 296298 158158 181185 238244 275275 174182
p11_i33___, 172190 325337 326328 362362 206210 228232 296306 170170 181185 236236 279279 172174
p11_i34___, 188188 325343 324326 348348 204210 222228 304306 170170 181181 236238 279279 174190
p11_i35___, 188196 323325 326326 352352 204206 216228 296298 156156 181181 236236 305305 174174
pop
p12_i1____, 178190 331331 324324 340380 204204 220234 296310 156158 181181 238242 279279 174180
p12_i2____, 188188 349349 324324 352352 204204 222224 296304 158158 181205 242242 273279 174184
p12_i3____, 190190 333353 324324 342342 204206 218230 298298 150150 181199 238244 279279 174174
p12_i4____, 188188 319353 324324 346358 204210 216246 296298 150158 181187 238238 275279 174174
p12_i5____, 188188 325341 324326 340344 204206 220232 296296 138158 181197 238238 279291 172182
p12_i6____, 182190 333333 320320 344370 204208 220220 296300 158158 181199 238238 279279 174178
p12_i7____, 190190 325335 324324 362362 204204 202210 296296 148148 181205 238238 279279 178180
p12_i8____, 172190 321323 324324 342342 204206 228230 298310 156156 181193 238240 279279 172180
p12_i9____, 186186 327327 324326 372372 204204 226226 294298 156156 187187 242242 279283 174180
p12_i10___, 188190 335341 320324 368370 204204 220222 300304 156158 181197 238238 279301 180180
p12_i11___, 190190 325337 324326 352382 204208 220230 296300 158158 185199 238244 279279 174174
p12_i12___, 188188 323333 324324 350358 204204 216222 296298 156156 181187 238248 279279 174174
p12_i13___, 190190 333333 322334 364372 204204 230230 290302 160160 181181 238238 279291 172174
p12_i14___, 184190 333343 324324 346372 204206 216222 300312 148156 181181 238238 273281 174174
p12_i15___, 000000 331345 322330 342352 204204 220226 298298 156158 181187 238238 279279 176178
p12_i16___, 188188 337337 326326 342348 000000 220228 296296 148158 000000 238238 279279 174174
p12_i17___, 180188 323323 330330 350380 204206 210220 296296 158160 181185 244244 275279 174182
p12_i18___, 184188 331333 324324 342352 204208 220222 298310 156156 181181 238238 279287 174178
p12_i19___, 188188 335335 322334 364372 204204 230230 302308 160160 181181 238238 277287 174182
p12_i20___, 188188 000000 000000 000000 204204 214220 280296 158158 181187 238242 279279 174180
p12_i21___, 190190 325325 324324 356360 204204 220232 296302 158158 181221 238238 279291 178184
p12_i22___, 188190 335345 328332 348360 204204 226230 296304 158158 181195 248248 279287 174178
p12_i23___, 188218 335341 326326 350362 204204 230230 296296 158158 181187 238238 279291 174174
p12_i24___, 190190 325333 326336 348382 204206 220220 296304 156156 187199 250254 279283 178178
p12_i25___, 188188 333337 322324 364364 204204 220228 298298 150154 187187 238238 277277 174178
p12_i26___, 186186 335343 324324 340366 204204 210220 298298 152156 181207 238238 285285 178186
p12_i27___, 188190 335335 324324 342342 204204 224230 302304 150158 181187 242246 279291 178178
p12_i28___, 182188 323323 324328 372374 204204 210232 296296 154158 181187 238238 279305 180180
p12_i29___, 190190 335343 322328 342350 204204 220232 292292 148154 181181 238240 275291 174174
p12_i30___, 000000 327341 324336 366384 202204 216220 296302 156156 181187 248248 279291 174174
p12_i31___, 182182 327331 324336 348350 204204 220220 296300 148156 181187 238248 275279 180180
p12_i32___, 188188 335335 320324 352354 204206 212230 298304 150156 181197 238238 279305 178178
p12_i33___, 188190 335341 322326 352368 204210 220228 292296 148156 187187 238248 279279 174178
p12_i34___, 188200 319319 338338 354360 204204 216220 296298 154156 181181 238238 281287 178178
p12_i35___, 000000 329333 322342 356372 204204 220228 296296 156156 181189 238238 279279 182182
p12_i36___, 190190 335343 336336 356382 204204 220228 296304 158158 181191 238238 279281 172180
p12_i37___, 182188 335335 316328 346348 204204 232234 296296 156156 181187 238244 275279 178178
p12_i38___, 188188 337337 324326 358366 204204 220242 292296 156164 187213 238238 287291 178184
p12_i39___, 182182 335337 320336 342342 206208 220230 296296 148156 181181 238238 279279 172186
p12_i40___, 190190 323333 324326 368376 000000 228230 292296 156158 181187 238238 275305 174174
p12_i41___, 190192 335335 324326 342368 204214 218218 296296 156158 181187 238240 279279 174174
p12_i42___, 190190 335347 326338 356362 202204 222232 292296 158160 181185 238238 279279 184184
p12_i43___, 000000 333335 322324 342364 204206 210230 296296 148156 187201 238240 279287 178182
p12_i44___, 188188 325333 324324 352382 000000 230246 296298 150158 185187 238238 275279 178178
p12_i45___, 188188 323323 324324 342358 204204 220242 298304 156158 181187 236248 279291 174180
p12_i46___, 182190 335335 322324 342350 202204 220232 298302 150150 181187 242244 279279 178178
p12_i47___, 190190 333345 324324 344348 000000 220228 296300 156158 185187 238242 283305 172186
p12_i48___, 188190 323331 326328 342344 204204 228232 298298 156158 181181 238238 279305 172172
p12_i49___, 186186 323327 324324 348348 206206 210218 298300 156158 181213 240240 275279 172174
p12_i50___, 188188 335335 322326 352356 204208 220228 296304 152156 181185 238244 285305 180180
p12_i51___, 190190 335335 326326 360360 204204 220222 292296 148158 179179 242242 275279 178186
p12_i52___, 198198 323335 324324 348362 204206 220230 298300 156156 181181 238238 281281 178178
p12_i53___, 182182 323327 324324 348360 204204 218232 296300 156156 181181 246246 279293 174174
p12_i54___, 204204 335337 316324 378378 204204 216220 298298 152152 181187 240248 279287 178178
p12_i55___, 190192 323335 322324 352352 204204 214220 296300 158158 181181 238240 279287 174174
p12_i56___, 188198 335335 326338 368380 204204 230242 280300 150150 181187 246248 279279 182182
pop
p13_i1____, 188188 331335 324328 358362 204204 220228 298302 150156 203203 238238 279279 174174
p13_i2____, 190198 323337 322328 342372 204204 218228 298302 156156 185189 238238 279279 176178
p13_i3____, 000000 323353 322324 342354 204206 210220 296298 156158 181185 238244 279279 174174
p13_i4____, 186186 323355 324336 342352 204204 210220 302302 158158 185215 238244 279285 000000
p13_i5____, 188196 323323 338338 342346 202204 206210 300300 158158 197213 238238 275309 000000
p13_i6____, 188188 337337 324326 366366 204204 216220 296298 138158 179185 238238 279279 174174
p13_i7____, 196196 335335 322324 368368 204204 212220 300304 158158 181185 238246 275275 174174
p13_i8____, 186188 335349 322324 342358 204204 230232 296296 156156 181181 238238 279285 174174
p13_i9____, 190190 333333 312326 348354 204206 220228 298304 158158 181181 238238 279285 174174
p13_i10___, 190190 333333 328328 342348 204204 226228 296298 158158 181201 238238 275279 176184
p13_i11___, 190198 323333 324324 342354 204210 206220 296300 152158 181181 238244 279283 180192
p13_i12___, 186186 323335 324324 346346 204204 220242 292300 148158 179185 238238 279307 172204
p13_i13___, 190190 333333 324326 348350 204204 222226 300300 158158 181189 238238 279281 174184
p13_i14___, 186190 353353 312326 350350 204206 210210 296296 158158 181181 000000 279287 178178
p13_i15___, 000000 341341 320324 350352 204210 228228 292300 158158 181199 238246 279279 180180
p13_i16___, 180182 349349 320324 374374 204206 220232 296300 156158 181187 238238 279287 174190
p13_i17___, 000000 349349 326326 342370 000000 228222 298304 156158 181187 238238 275279 180180
p13_i18___, 180180 335343 326326 342358 206208 206228 298300 156156 181185 238238 279291 186186
p13_i19___, 196196 319323 324324 348366 204204 216224 296298 158158 181203 238260 269275 174174
p13_i20___, 188188 323337 324338 358370 204208 230234 292292 156156 185187 238238 291307 174190
p13_i21___, 198202 331331 324326 350358 204208 206220 296302 156158 181205 238238 279279 174188
p13_i22___, 190190 335335 322326 356356 204204 234248 300304 156160 181195 238246 279281 174178
p13_i23___, 184184 335343 324324 346370 204204 234234 298300 156156 187215 238238 275275 172180
p13_i24___, 188188 335335 322324 346348 204204 220230 296304 158158 187187 238242 279279 000000
p13_i25___, 000000 325331 324328 338346 204204 220230 296304 158158 187187 238240 275279 174174
p13_i26___, 188188 323327 000000 342346 204204 222222 298298 154154 181187 238238 279279 000000
p13_i27___, 182182 329333 324326 352374 204204 206214 298300 138152 187187 240248 277277 174174
p13_i28___, 188188 331337 316324 342370 204204 220220 280300 156156 181185 238238 279279 176182
p13_i29___, 188188 327335 328328 362372 206208 216224 300302 150158 181181 240248 279291 190190
p13_i30___, 000000 331335 324328 344360 204210 228232 296300 158158 181185 238238 285305 170172
p13_i31___, 188188 331337 324336 342348 204204 220230 292300 158158 181181 238238 279279 176190
p13_i32___, 000000 323325 322324 346358 000000 214228 296298 152156 181187 238248 275277 174180
p13_i33___, 186188 331335 322328 358378 204206 222222 298312 148148 181181 238244 279279 178190
p13_i34___, 000000 315335 324326 338350 204206 230230 296300 156156 181187 238238 277285 174180
p13_i35___, 182182 325335 324324 346378 204204 216222 298298 150150 181187 238238 279291 174186
p13_i36___, 184184 323323 322324 344358 204204 210218 302304 158158 181181 238240 277281 174178
p13_i37___, 184184 331331 324324 338346 204204 218220 298304 154158 181187 238238 279281 174174
p13_i38___, 188188 333333 324328 344348 204210 218232 296298 150158 181181 240244 275279 174178
p13_i39___, 184184 333349 326326 342344 206210 218232 296300 158158 181187 238238 275305 174184
p13_i40___, 184184 323331 326326 348356 204206 230232 296296 156158 181185 238238 279305 174174
p13_i41___, 182182 321331 328338 378378 204206 226232 304312 152154 187197 238238 279289 174190
p13_i42___, 184184 323335 324326 342352 202204 220224 298300 160160 181181 226226 279307 174174
p13_i43___, 184190 331333 326326 352378 204204 210246 296300 156160 181187 238240 277291 174174
p13_i44___, 182190 337351 322326 346378 204204 222222 298300 156160 181187 238244 275285 186186
p13_i45___, 190190 333335 322324 344352 204204 210220 292296 152156 189203 242242 279291 178186
p13_i46___, 188188 335353 326328 348364 204208 220222 300314 148156 181197 238242 279279 174182
p13_i47___, 190190 335337 328336 344378 204204 210216 300300 158158 181181 238240 279279 172178
p13_i48___, 198198 323335 324328 342366 206206 218220 296298 158158 181181 238238 275289 178178
p13_i49___, 182182 335343 322336 362362 204208 210226 290298 156156 181181 240240 279279 174174
p13_i50___, 184184 323323 324326 350368 204206 220232 296298 160160 181197 240248 279279 178184
p13_i51___, 188188 337339 324324 000000 204206 210232 298302 160160 181197 238248 291307 178178
p13_i52___, 198198 323331 326326 348354 204206 210232 296300 152156 181181 238242 279291 184184
p13_i53___, 190190 337343 322326 342342 204204 220232 296302 160160 181181 238238 271279 000000
pop
p14_i1____, 188188 335335 324326 358372 206206 210220 220220 158160 000000 246246 279279 188188
p14_i2____, 190190 325325 324330 352354 204208 210226 292296 158158 185185 234238 277279 178184
p14_i3____, 190190 323325 326326 348352 204204 226228 296302 158158 181181 238238 279285 180180
p14_i4____, 188192 329335 326328 342364 206206 210224 296302 156158 185197 238248 275281 174174
p14_i5____, 198198 335337 324324 338348 204206 206226 296296 156156 185185 248252 275307 174174
p14_i6____, 188188 335335 322326 360368 204206 228228 292292 292292 181181 238240 279279 178182
p14_i7____, 000000 323331 324324 348368 204206 216216 296296 156158 181181 248248 275277 178190
p14_i8____, 190190 337343 324328 342354 204206 210216 296300 150158 181185 238238 273279 180184
p14_i9____, 188188 323335 320324 350364 206210 230230 300302 152162 181185 238238 273311 186186
p14_i10___, 188198 335335 324348 342366 204204 230230 298308 156164 181185 238246 287287 182182
p14_i11___, 188188 335341 322324 364366 204210 230232 298302 152158 185187 238238 303311 174186
p14_i12___, 186186 323337 324326 366368 204204 228232 296298 152152 181187 236238 279281 182182
p14_i13___, 184190 335337 324328 342344 204204 220232 296302 156160 181197 238238 279307 178184
p14_i14___, 188190 325335 324324 342368 204204 210218 296296 156158 187187 238238 273279 184188
p14_i15___, 186186 335335 322324 340342 204206 210230 298300 150150 181185 238244 279291 178182
p14_i16___, 182182 331337 324332 364382 204204 210220 292302 156158 181181 238238 271279 178184
p14_i17___, 196196 335343 326326 358360 204206 232242 300302 156156 181181 238238 279279 174178
p14_i18___, 182182 323337 328330 344354 204204 230232 300302 152152 181181 238238 277293 184184
p14_i19___, 190192 331335 324326 358366 204204 216230 296298 156158 181187 238238 273279 180184
p14_i20___, 198198 315327 326326 350364 204204 228232 292302 158162 181187 238238 291313 188188
p14_i21___, 188188 323335 326328 348354 204204 210218 298302 156158 181187 238238 275275 174174
p14_i22___, 188198 321337 322324 342348 204204 220230 296306 158158 181181 238238 279287 174182
p14_i23___, 188188 335337 326326 364366 204210 202224 298298 156156 181181 238238 279279 174174
p14_i24___, 186188 317333 324324 350356 204206 220224 298302 156156 181187 238238 273279 178180
p14_i25___, 188188 335335 326326 348368 204204 220230 300302 154156 181205 238248 279279 176186
p14_i26___, 182182 331333 324326 326326 202206 216232 296302 156158 181185 238246 273285 000000
p14_i27___, 000000 315335 326328 342346 204204 220232 294302 156158 181181 240244 279291 174184
p14_i28___, 188188 333335 326328 344364 202204 220230 302302 156156 181223 238240 271279 172190
p14_i29___, 188188 325333 324324 342392 204204 220230 304304 156156 181187 238246 279285 174182
p14_i30___, 190190 325337 324326 360360 204204 210220 296302 148156 181187 242250 279287 184184
p14_i31___, 192192 331331 324326 342364 204204 224236 296296 156156 181185 238244 279291 174174
p14_i32___, 186186 333335 324326 344344 204206 220228 296298 156156 181187 238244 275291 176176
p14_i33___, 190198 327343 326326 340358 204204 216232 296296 156156 181187 238250 279287 178184
p14_i34___, 190190 331337 326336 342348 204206 220232 296302 156156 181181 238238 275279 174176
p14_i35___, 190190 331335 324326 340340 204206 210232 300300 158158 185207 238244 279279 178180
p14_i36___, 182182 315323 324326 342384 204204 210216 292298 156158 181215 238240 273279 178178
pop
p15_i1____, 186186 323325 326326 348366 204206 226228 296296 156156 181181 246250 277305 174182
p15_i2____, 188188 323329 324326 348348 204206 232232 296300 154154 181181 242242 279279 174182
p15_i3____, 190190 325327 322324 348358 204206 232232 296296 156156 181187 238238 305307 174174
p15_i4____, 188188 327343 326326 000000 204204 226228 296296 158158 181181 238238 279279 174176
p15_i5____, 190190 325327 312312 348362 206210 228228 296296 156156 181181 238238 305305 174174
p15_i6____, 190190 325337 322324 356366 204206 232232 296298 156156 179187 240240 279279 174182
p15_i7____, 196196 323327 326326 362362 204210 222232 298302 156156 187195 238246 279305 174206
p15_i8____, 188188 323337 000000 354376 204206 226226 296298 156156 179197 238244 279305 182182
p15_i9____, 188190 325331 322326 350358 204204 222228 300302 156156 181189 238238 275291 174176
p15_i10___, 000000 321331 000000 364368 206210 208222 296298 156160 185187 236236 277305 174178
p15_i11___, 186186 323327 000000 350356 206210 222226 296296 156158 181181 238238 277307 174174
p15_i12___, 186190 323325 000000 348366 202210 232234 294300 156160 185187 236236 277279 174174
p15_i13___, 188188 333337 324326 364364 206210 222228 296296 154156 181181 236236 277277 174178
p15_i14___, 188188 315323 326326 372372 204210 228232 292300 152156 181203 238240 275305 174174
p15_i15___, 182188 323333 324326 358370 204206 216226 296298 156158 181185 238238 275305 174174
p15_i16___, 182182 323337 324326 354354 204204 220234 296298 148156 185187 240240 277291 182182
p15_i17___, 188190 325337 324326 348368 206210 228230 302304 156170 181187 246246 279311 174180
p15_i18___, 188188 315355 324324 364364 206206 226232 302302 156156 181181 238238 275305 174176
p15_i19___, 190190 323323 000000 374374 204204 220232 300306 148158 181181 238238 275279 174174
p15_i20___, 188188 323323 000000 348364 206210 228232 294300 148148 185203 238238 277305 000000
p15_i21___, 188188 323327 326326 362362 204204 222226 296304 000000 181187 238238 279313 178182
p15_i22___, 188188 325337 324326 360360 206210 216228 296304 148158 181181 238246 277305 178178
p15_i23___, 188188 325327 324326 338366 204210 230232 296296 158158 181185 238238 279305 174174
p15_i24___, 188188 315323 000000 338338 204204 230230 296296 156156 181185 238242 000000 174174
p15_i25___, 194194 315331 324326 348358 204204 228246 292306 156156 181185 238246 275279 184184
p15_i26___, 188188 315333 324326 350354 204210 232232 296302 156156 181181 250252 275305 174174
p15_i27___, 188188 323323 000000 000000 206210 222226 296300 148148 181181 238238 277305 000000
p15_i28___, 190190 315315 338338 338364 204206 222228 292296 156156 181181 238238 275305 174180
p15_i29___, 188188 323331 326326 348352 204206 226232 302304 158158 181185 238238 279305 174182
p15_i30___, 188188 323329 324324 342364 210210 220228 296300 150182 181181 238238 283305 178186
p15_i31___, 188188 315337 324326 354378 206206 228232 298300 158158 181187 236240 291307 178180
p15_i32___, 190190 000000 000000 348358 206206 224230 300300 156156 185197 238238 275279 000000
pop
p16_i1____, 182182 327327 326328 352360 204204 220224 298298 158158 000000 238238 275279 180180
p16_i2____, 188188 321323 326326 352352 204204 218222 296296 156158 000000 238238 279291 172174
p16_i3____, 182190 323323 324326 342342 204204 210220 296298 156156 187187 238238 279291 178188
p16_i4____, 188188 333335 324326 346358 204204 218228 296296 158158 181181 238238 279291 172178
p16_i5____, 186186 329335 312324 342342 204204 220230 298300 160160 187187 238238 279279 172172
p16_i6____, 188188 319335 324324 340360 204210 210218 292296 156156 181187 248248 279291 174174
p16_i7____, 000000 323331 324324 342342 202204 230230 298300 156156 181181 238248 291295 172174
p16_i8____, 186186 329341 324326 342390 204204 222232 300300 156160 187189 238238 275275 174174
p16_i9____, 188188 325329 320324 344362 202204 222246 296298 158158 181187 238238 275279 174174
p16_i10___, 188188 329329 320336 342342 202206 222232 300302 150158 181181 238240 277279 172174
p16_i11___, 190190 317317 324324 354374 204204 226230 292298 156158 185185 238238 279279 174180
p16_i12___, 190216 317317 324324 354374 204204 226230 292298 156158 185185 238238 279279 174180
p16_i13___, 190190 323323 322328 354366 204206 210216 296302 152156 181187 238238 291291 172184
p16_i14___, 188190 331345 318324 348348 204204 220228 296304 158158 181187 238242 279279 172174
p16_i15___, 198198 335335 324328 342346 204204 220232 296300 160170 181181 238238 279279 174174
p16_i16___, 186186 333337 324332 342352 204204 232246 296298 158158 181185 240240 279291 178178
p16_i17___, 198198 337339 328328 354354 204204 232246 296310 150156 181197 240240 305305 184184
p16_i18___, 186198 323323 328328 358390 204204 220246 298310 150150 181181 238240 279305 184184
p16_i19___, 190190 335335 328328 342342 204204 220220 296298 148156 181187 240250 275285 202202
p16_i20___, 190214 325351 322326 370388 204204 210224 298300 148160 181187 240240 277279 178182
p16_i21___, 190196 327343 324326 352362 204204 220228 294298 156156 181181 238238 273279 174174
p16_i22___, 188188 327335 324324 342354 204204 220224 296300 152156 181199 238238 279281 174180
p16_i23___, 182188 325343 326326 348360 204204 210230 296308 154154 187187 238246 279309 174174
p16_i24___, 184190 319337 326326 342346 204204 206226 292296 158158 181189 238240 275305 180184
p16_i25___, 188196 327335 324326 342360 204204 210220 298300 156158 187201 238238 275287 178184
p16_i26___, 196196 335343 326326 352370 204206 224230 292302 156156 000000 238238 279291 180184
p16_i27___, 198198 323323 324328 360368 204204 220220 296300 150154 181181 238238 281287 180180
p16_i28___, 188190 335335 322326 344366 204204 230232 292292 150158 181185 238238 275279 174180
p16_i29___, 184184 335335 322328 344372 204204 216220 292292 158158 181181 238238 279291 174180
p16_i30___, 188188 337345 324324 352376 204204 220220 296296 150158 181185 238238 279279 174186
p16_i31___, 188188 345345 326328 352364 204204 218224 296308 156156 000000 238242 281285 174178
p16_i32___, 188188 335335 326336 344352 204206 222232 296300 156158 000000 238238 279279 172172
p16_i33___, 190190 323323 326326 338374 204204 216222 298300 156156 181181 240240 279291 178180
p16_i34___, 188198 335343 326326 340352 204204 216216 300300 152158 181185 238242 273275 204204
p16_i35___, 186186 323335 000000 352366 204204 206246 246246 150158 000000 238238 279291 000000
p16_i36___, 186190 339351 324326 342346 204204 228232 298304 158158 181181 238238 279295 172174
p16_i37___, 186186 337337 324324 346354 204204 220228 292296 152158 181181 238238 281287 182182
p16_i38___, 184184 323325 326326 350384 204204 220226 296308 148148 181181 238248 277279 174174
p16_i39___, 188188 317323 326326 348354 204204 224230 296298 156156 181181 238238 291305 172178
p16_i40___, 182198 325333 322326 338338 204210 210232 300300 156156 181187 238246 291309 182184
p16_i41___, 182188 323335 324324 342342 204204 220224 292304 156156 000000 238238 275279 178178
p16_i42___, 190198 325337 326328 348378 204210 220228 296302 158158 000000 238238 279279 174178
p16_i43___, 196196 335335 322326 342342 204210 216220 290300 160160 181181 238238 279279 174178
p16_i44___, 188188 323343 324326 338340 204204 230232 296302 158158 000000 238238 291291 178178
p16_i45___, 190190 339343 324324 000000 204206 220220 296296 154164 000000 238246 277305 174184
p16_i46___, 198198 335335 328340 342358 204204 216220 292296 156162 181181 238238 273279 182188
p16_i47___, 000000 323355 324324 348378 204204 220230 296300 156156 000000 238238 279279 184184
p16_i48___, 176176 331333 320326 364364 204206 220232 296302 150158 181197 238238 279279 174174
p16_i49___, 188188 323345 320326 342374 204204 224230 292296 148156 187197 238238 279287 174174
p16_i50___, 188188 335335 328328 352362 204206 220226 292312 154158 181195 238238 285313 186186
p16_i51___, 188188 323335 326326 356356 204204 218220 298300 158158 181209 238238 279279 178180
p16_i52___, 188188 329331 324326 350364 204204 216228 296302 150156 181181 238238 277303 174174
p16_i53___, 182190 331333 322326 348360 202204 220232 296296 156156 185187 240248 279279 174178
p16_i54___, 186186 323333 326326 362372 204204 210226 292300 156156 181201 238238 279279 174174
p16_i55___, 188188 331335 324324 364364 204204 230232 296300 156156 181185 238238 271279 178184
p16_i56___, 188188 331335 324326 344364 204204 222230 296300 156156 000000 238238 275305 174192
p16_i57___, 196196 323343 324326 342344 204204 202224 292304 158158 181187 238238 277305 174192
p16_i58___, 198198 335335 322324 348364 206210 218220 296302 158158 000000 238238 279291 178178
p16_i59___, 190190 331353 322334 346346 204204 220234 300300 150158 179179 234244 279279 174174
p16_i60___, 190190 325335 324328 342342 204204 232232 296300 158158 181181 238238 279291 174174
p16_i61___, 188188 333343 322326 352368 204212 226228 292296 154154 181181 238240 279305 178184
pop
p17_i1____, 188190 331355 324326 342374 204204 210228 296296 158158 181215 240240 279289 174174
p17_i2____, 188188 323343 324324 352360 202204 220232 296304 156158 183215 238238 275313 174174
p17_i3____, 190190 335335 324326 352374 204204 220224 292298 158158 181215 238238 291309 174174
p17_i4____, 188188 323339 324326 360392 204206 220224 296296 156156 181181 246246 279279 174174
p17_i5____, 188188 323323 324330 374382 204204 228246 296300 154154 000000 238238 273277 174174
p17_i6____, 182188 339343 324324 372394 204206 228230 296298 154154 181181 238240 279279 174178
p17_i7____, 188188 323323 324324 348374 204204 220230 296298 154154 181181 238238 279279 174178
p17_i8____, 188188 331339 324326 352374 204204 230230 296296 158158 181181 240240 275309 174174
p17_i9____, 188188 335335 324336 342374 202204 220234 296300 156158 181181 238275 275291 174174
p17_i10___, 186186 343355 322324 342374 204204 224230 298298 156158 181181 238248 279279 174174
p17_i11___, 186186 323343 324330 342352 204204 210224 296298 158158 181215 238238 279279 174180
p17_i12___, 186186 341343 324324 342352 204204 228242 298300 158158 181187 238240 275279 174174
p17_i13___, 186186 323341 324324 352394 202204 216232 298300 158158 181181 238238 279279 174174
p17_i14___, 190220 343355 326330 348374 204204 220224 296300 158160 181211 238244 277279 174174
p17_i15___, 188188 339343 324326 354372 206206 224230 296298 156156 181181 238238 279279 174186
p17_i16___, 000000 335335 324336 352358 204204 222228 298300 150150 000000 238238 279279 174174
p17_i17___, 188190 333343 324326 342374 204204 220224 298298 158158 181215 238240 279279 178178
p17_i18___, 000000 323331 324324 350350 206206 210228 296298 154154 181187 238238 289327 174174
p17_i19___, 188188 341341 318326 342360 204204 216228 298298 156156 181183 238242 279289 174180
p17_i20___, 190216 331335 326336 342370 204204 210230 296296 156156 181215 238248 279279 174178
p17_i21___, 188190 343355 324324 348374 204204 210228 296298 156156 215215 240240 277289 174174
p17_i22___, 190220 323323 324324 350376 204204 224228 296298 158158 181181 238242 279291 174174
p17_i23___, 186216 323339 324330 374382 204204 222230 298298 156158 181181 238238 275279 174174
p17_i24___, 190216 331335 324324 376382 204204 228234 292298 154156 187215 238238 279289 174174
p17_i25___, 000000 335335 000000 000000 204204 228228 298298 156158 181185 238238 279289 178190
p17_i26___, 190190 323335 324324 350372 204206 220230 296298 154154 187207 000000 289309 174178
p17_i27___, 186186 323355 324324 352360 204204 228228 292298 156156 181181 238240 279309 174174
p17_i28___, 188190 331341 324326 342352 204204 220228 296298 158158 181181 240248 279279 174174
p17_i29___, 188188 323343 324330 348394 204206 220228 296296 154154 181181 240242 279293 174174
p17_i30___, 188190 343355 324324 348350 204204 230230 292298 154158 181215 238238 279309 174178
pop
p18_i1____, 190190 337337 326346 362362 204210 230232 296296 158158 185187 238238 275279 174174
p18_i2____, 182182 323323 326326 352352 204210 232232 298298 160160 181187 240240 275305 174174
p18_i3____, 190190 323331 326328 354362 204210 232232 296298 156158 179187 238238 279291 174174
p18_i4____, 192192 325343 322326 354366 204204 226230 296302 158160 181181 238238 279305 178178
p18_i5____, 190190 325325 326326 350350 204206 228232 296298 158160 181181 238246 279291 174174
p18_i6____, 188188 343343 326336 354354 204204 220232 298300 160160 181181 238248 291291 174184
p18_i7____, 190190 323323 326326 342358 204210 212232 296298 156156 181187 238238 273305 174174
p18_i8____, 190190 323325 326328 342346 204204 232232 296298 156156 185189 236244 279279 174174
p18_i9____, 188188 343343 326326 348348 204210 228232 292304 156160 181185 238238 279299 172172
p18_i10___, 182190 333337 322328 338344 210210 214228 292300 158158 181181 236246 279305 174174
p18_i11___, 188188 323325 326326 354364 202204 228234 296302 152158 181181 236236 277305 174174
