title
locus1, locus2, locus3, locus4, locus5, locus6, locus7, locus8, locus9, locus10
pop
p1_i1_____, 145162 217234 109109 181193 157171 174186 113115 151151 154173 179189
p1_i2_____, 147152 221227 109109 171203 175177 172205 119119 163163 122140 169170
p1_i3_____, 154158 208236 109109 171181 169177 174186 093119 165165 160160 150150
p1_i4_____, 145158 208234 109109 181181 175184 186201 103113 161165 142142 150170
p1_i5_____, 152162 215219 109109 181185 157167 174174 093125 167171 121121 181189
p1_i6_____, 154162 221225 109109 187203 165171 174174 105105 169171 142149 170177
p1_i7_____, 145152 225225 109109 183193 155173 184211 093093 151151 131160 150150
p1_i8_____, 147160 242244 109109 183187 155177 186186 103103 177177 137154 170170
p1_i9_____, 154154 223234 109109 191195 177177 174192 093093 169169 137160 171173
p1_i10____, 154154 223234 109109 191195 177177 174192 093093 151169 137160 171173
p1_i11____, 145147 234242 109109 189193 157171 186186 089097 177177 121154 181181
p1_i12____, 145154 213219 105105 181193 163173 172192 097097 171171 121121 171171
p1_i13____, 149149 223223 109109 171187 177188 174174 089097 171177 123140 170181
pop
p2_i1_____, 154154 217223 105105 181183 175177 180180 093103 165165 130130 159189
p2_i2_____, 147154 215242 109109 189191 173175 188188 093109 163165 131151 175181
p2_i3_____, 152154 209223 109109 181191 167177 180190 093103 165165 130130 181191
p2_i4_____, 140156 217217 105109 171171 171175 190190 115115 163171 122151 179179
p2_i5_____, 156160 219234 109109 183183 153175 192192 109119 165165 131151 191191
p2_i6_____, 147164 219230 105113 181191 175180 190192 115123 163171 129129 179188
p2_i7_____, 147152 209215 105105 189193 173175 186188 109109 165165 151151 159183
p2_i8_____, 147147 217223 105113 185191 175175 194194 109115 165165 144151 181181
pop
p3_i1_____, 154156 219238 109109 171185 169173 180194 093119 167167 126140 183185
p3_i2_____, 145147 217236 105105 193203 171179 186192 093117 151151 130151 185185
p3_i3_____, 140147 213242 105105 171171 159171 178188 099099 163163 140151 198198
p3_i4_____, 145154 213215 105105 183185 163177 194196 101103 169169 131162 189189
p3_i5_____, 145147 213244 105105 171199 159167 178180 097099 167167 131151 185187
p3_i6_____, 147154 215219 105105 183193 179188 178194 099099 163165 140144 185187
p3_i7_____, 145158 215242 105105 171185 165171 178180 117117 165167 131140 185187
p3_i8_____, 147160 215215 109113 185185 175179 180196 093097 157165 130140 187187
p3_i9_____, 145160 215225 105105 183191 171175 192196 099099 165169 131160 187193
p3_i10____, 156158 215215 105105 171193 165177 186196 093093 157157 140140 185185
p3_i11____, 154156 244246 105105 171183 169177 192192 093105 167169 124140 187187
p3_i12____, 145145 217225 109109 171191 175175 178196 099115 169169 131131 191193
p3_i13____, 154160 217219 109109 185189 173179 180188 093097 151151 140140 191191
p3_i14____, 140145 217227 105109 185193 175186 192192 115115 165165 140144 187193
p3_i15____, 156160 227234 105105 187193 177179 180194 099111 157167 131140 187187
pop
p4_i1_____, 142162 208234 109109 187195 165171 178190 093093 169169 126131 173187
p4_i2_____, 142147 221234 109109 187199 167177 174190 093093 169169 127127 187192
p4_i3_____, 142145 230246 109109 187207 171182 174192 097109 165169 122142 148148
p4_i4_____, 142152 213217 109109 195203 161175 174174 109109 167167 126126 173175
p4_i5_____, 154162 227228 109109 187189 177180 174174 095095 169169 126126 170185
p4_i6_____, 142147 228234 109125 189189 163177 174190 093093 169187 127127 185187
p4_i7_____, 158162 225234 105125 187197 163173 174178 097097 169169 120129 173187
p4_i8_____, 142162 232246 105105 187197 173182 178192 097097 165169 129142 148173
p4_i9_____, 147162 221227 109109 187199 175180 174186 089095 169169 120126 170181
p4_i10____, 156162 217227 109109 187187 163171 174174 089111 165165 120120 181185
p4_i11____, 152162 217232 113113 183187 165173 178188 103103 165169 120129 167173
p4_i12____, 162162 208208 109109 187187 163171 178190 093093 165169 120126 187191
p4_i13____, 136142 227236 109109 179187 173180 174188 105105 169169 127127 169185
p4_i14____, 145145 219230 109109 187187 171182 174192 097109 169169 129142 148148
p4_i15____, 145152 230240 109109 191203 146182 174174 111111 165165 123129 148185
pop
p5_i1_____, 154160 208213 105105 191191 149161 190190 111115 163165 122131 185189
p5_i2_____, 142145 223225 105105 183203 155157 192197 099115 165167 123128 179185
p5_i3_____, 142147 221223 109109 181185 157169 196196 099099 167167 123131 175187
p5_i4_____, 147152 208223 105105 181189 155171 188190 099103 163165 124131 183184
p5_i5_____, 149156 217225 109113 193203 146153 180188 107111 151171 122140 185187
p5_i6_____, 147160 208236 109109 193197 151155 180190 103103 165173 131131 186189
p5_i7_____, 147147 215217 109109 189191 159175 192196 103115 163163 124140 185185
p5_i8_____, 152156 208223 105105 193193 169171 180190 093121 163163 131131 185185
p5_i9_____, 147156 208221 109109 193193 171171 180196 093121 163165 130135 185187
p5_i10____, 140152 223223 105105 185185 169171 188197 105115 167167 123131 179187
pop
p6_i1_____, 142156 217227 109113 201201 159180 174186 113113 167173 123144 183183
p6_i2_____, 134140 219227 105113 181183 177186 172176 101113 151173 126137 165175
p6_i3_____, 140154 234240 109117 185185 157169 186192 093093 181181 126144 175175
p6_i4_____, 142156 213230 105109 181185 167173 190196 101105 165187 123123 170191
p6_i5_____, 140154 204240 109109 189195 153171 178197 107107 161187 126126 175191
p6_i6_____, 142162 223227 105113 183185 163179 174186 103105 177177 126126 159175
p6_i7_____, 162166 215244 109109 179179 155161 174174 091091 171171 122126 175175
p6_i8_____, 154154 213215 105109 173187 179179 174174 091101 165165 126126 167183
p6_i9_____, 145154 234236 105117 187203 169175 174186 097101 165167 127137 167194
p6_i10____, 134154 217217 105113 187187 180180 174174 101101 173173 144144 173192
p6_i11____, 154156 204217 105113 179191 169175 178196 097107 161161 122137 181187
p6_i12____, 134142 230244 109117 179179 167179 190190 105105 171171 122122 167191
p6_i13____, 134142 217227 109113 187187 175180 172186 101113 173173 137144 145165
p6_i14____, 154156 204223 105109 173183 163179 174190 099099 151165 124140 167181
p6_i15____, 154154 213213 113117 195199 163182 190192 093109 163173 122144 145175
pop
p7_i1_____, 145162 213223 109125 189199 167177 176199 097097 169169 126137 169183
p7_i2_____, 145158 221234 105105 183183 163182 186186 097115 167167 127142 179183
p7_i3_____, 140164 230236 109109 189207 157177 174188 111119 165171 126137 167169
p7_i4_____, 147162 215221 109109 193193 165173 174180 107131 163169 124128 181181
p7_i5_____, 145145 232232 109109 187187 180180 176194 099105 149151 126144 183185
p7_i6_____, 145152 221228 109125 193199 167171 190196 097115 167167 126126 175175
p7_i7_____, 158158 217221 105109 185189 163177 172186 111121 167167 147147 171185
p7_i8_____, 142158 223238 109109 181199 149171 192196 093097 167167 127147 169177
p7_i9_____, 147147 217223 109109 183183 171180 174174 099101 167167 128128 171177
p7_i10____, 145145 213228 105125 189199 163167 176196 097097 169169 126137 171183
p7_i11____, 147166 221232 105105 183193 165180 199199 097103 151151 129142 175183
p7_i12____, 145145 221246 105105 192199 165180 178182 097115 167167 147147 183183
p7_i13____, 140158 213219 105109 189192 169179 192192 093101 149151 123135 171179
p7_i14____, 145145 209238 109125 192199 165175 180190 103103 149163 126140 173173
p7_i15____, 162166 213221 109109 185193 179184 174197 097097 171171 126126 167201
pop
p8_i1_____, 140152 208225 105105 185193 159165 180186 115117 167167 122131 193193
p8_i2_____, 142154 223227 105105 185203 153179 180190 093113 165167 128130 185185
p8_i3_____, 154154 225227 105105 193203 151173 170188 111117 167167 122131 189194
p8_i4_____, 138140 223223 105105 185191 153161 178188 105115 165165 131131 189191
p8_i5_____, 140152 225225 105121 171189 167177 186190 093093 165167 126128 189193
p8_i6_____, 160160 223227 105113 185193 149177 188188 103113 171171 130130 185185
p8_i7_____, 147154 208223 105105 191191 155171 190196 117117 165167 122128 183205
p8_i8_____, 134140 208227 105105 193193 159175 180190 115115 163171 122122 181193
p8_i9_____, 147154 205228 105105 193203 149179 170196 103117 165171 130131 185185
pop
p9_i1_____, 142145 228232 105113 167181 165177 178188 095095 165165 128144 177186
p9_i2_____, 152154 215232 101109 179211 165167 192196 099113 167167 144144 145150
p9_i3_____, 129142 221232 105125 187195 171173 186196 095101 167167 126129 171185
p9_i4_____, 142152 211225 101105 183223 153177 192192 099113 179179 149170 171185
p9_i5_____, 142145 219228 101113 173187 169175 182196 097117 159165 121144 150167
p9_i6_____, 142152 215236 101109 181183 167169 176178 095101 159167 128144 150167
p9_i7_____, 145156 225232 109125 181199 161171 186194 091091 165165 128128 173181
p9_i8_____, 142142 228236 109125 167181 165169 178188 095095 165165 128140 177185
p9_i9_____, 145154 223228 101109 173189 171182 174174 091111 167167 128144 153181
p9_i10____, 131154 227232 109113 173173 155165 182199 099103 159165 123126 175186
p9_i11____, 147154 232232 101109 183197 153159 186201 091099 165167 137137 150181
p9_i12____, 156164 232232 105105 181225 165173 186196 091107 167167 126154 177183
p9_i13____, 145154 221230 101105 177179 171173 182196 099103 179179 123140 173186
p9_i14____, 142162 228232 113113 181191 153165 184188 095095 165165 128128 155177
p9_i15____, 142145 215236 109109 167183 165167 188192 091113 165165 140140 150185
p9_i16____, 142164 228236 109125 183189 169169 186186 091095 165165 123131 173177
pop
p10_i1____, 145149 232232 105105 189193 165179 192196 107113 165165 144147 171171
p10_i2____, 156168 228232 109109 195199 165184 174174 117121 161161 126126 173175
p10_i3____, 152160 227232 105113 181183 155159 188199 099121 149149 130135 181181
p10_i4____, 138166 221227 105109 183199 167175 190194 107111 165165 130147 173173
p10_i5____, 138166 221227 105109 183199 167175 190194 107111 165165 130147 148173
p10_i6____, 138166 221227 105109 183199 167175 190194 107111 165165 130147 173173
p10_i7____, 142152 208215 109113 185195 153163 174176 097101 149167 120129 148165
p10_i8____, 152152 208225 105109 185203 153165 176188 097097 149151 140147 165169
pop
p11_i1____, 149160 209230 105117 183189 155157 186199 103113 165165 129129 176176
p11_i2____, 156166 217244 109109 181185 157182 172205 089089 165165 142142 185185
p11_i3____, 156164 211213 105117 185185 159167 174178 109109 161161 124127 171179
p11_i4____, 142160 217221 109117 181209 153171 174199 099099 161161 120123 171201
p11_i5____, 149149 215232 113117 201205 159175 172174 095097 149151 123144 179202
p11_i6____, 142166 230232 105113 187199 149177 172174 107119 165165 120137 177187
p11_i7____, 149166 215230 105117 187201 175177 174174 097097 151159 120147 187187
p11_i8____, 149164 230238 113117 185205 153157 172174 097097 149149 144147 179179
p11_i9____, 156164 223223 113117 179183 149173 174174 095113 167173 126149 179179
p11_i10___, 140142 223227 109109 179209 169184 174180 115115 165165 140142 169181
p11_i11___, 156164 217228 105117 189209 153157 174205 097097 161163 123123 171201
p11_i12___, 142156 230232 113117 183187 149161 174190 119121 167167 120120 169187
p11_i13___, 142156 225240 109109 183183 157157 174186 103103 163163 142142 193193
p11_i14___, 164164 223228 109113 179179 161173 174197 105113 167167 123142 169179
p11_i15___, 156156 230238 109117 185207 169171 174205 113113 167167 137137 179201
pop
p12_i1____, 152162 211219 101105 191205 169169 188196 091091 167167 122156 163194
p12_i2____, 156162 219240 105109 183189 157161 196196 091111 167167 140156 183252
p12_i3____, 162166 228232 105105 189191 165169 174188 091109 167167 123158 163183
p12_i4____, 154156 219227 105109 175199 161194 174196 091109 161161 122162 181183
p12_i5____, 145149 217223 109125 189205 159177 188196 091115 167167 123123 175185
p12_i6____, 145145 211213 105105 191191 159169 196196 091091 165165 121142 177179
p12_i7____, 149156 219223 109109 183199 161192 188196 095115 169169 124165 183183
p12_i8____, 147147 213221 109109 179183 163171 188197 111111 151167 121121 161185
p12_i9____, 145176 227240 101101 179199 161161 121121 196196 169169 147162 179194
p12_i10___, 145145 209227 101109 175183 171171 188196 095111 165175 142162 179183
p12_i11___, 145168 213225 101109 179187 165171 174188 109115 169169 124124 163175
p12_i12___, 156176 221227 105109 171199 171173 182196 121121 165165 122147 183194
p12_i13___, 145145 213215 105113 175183 165171 197197 107121 151167 120142 161185
p12_i14___, 162176 219227 101101 183183 159159 194196 107107 169169 131147 177181
p12_i15___, 156170 227229 105105 183189 159171 196196 121121 163169 142156 161181
p12_i16___, 156152 213221 109111 179187 157169 174196 099109 169169 122165 163183
pop
p13_i1____, 149156 225225 105117 165203 159165 182188 111117 159159 120120 189198
p13_i2____, 142164 211225 109121 193203 163171 194197 115117 159159 121121 161177
p13_i3____, 162168 227230 105117 167171 167171 194194 121121 151163 133133 185198
p13_i4____, 152164 225227 105105 195203 171173 178197 095115 159159 121121 183183
p13_i5____, 142170 227244 105105 169181 171173 188194 095095 151159 120120 183189
p13_i6____, 162162 223227 117117 201201 167171 194196 117117 165165 120120 191198
p13_i7____, 142166 223244 109109 165201 163167 194197 117117 151165 140140 191200
p13_i8____, 156166 211230 105105 165165 165167 194196 095095 151165 120120 181208
p13_i9____, 142152 211228 105105 201201 163171 194194 095117 151151 121121 183185
p13_i10___, 142142 225228 105105 181181 163177 197199 111111 159159 140140 161210
pop
p14_i1____, 152162 232234 105117 183201 171173 186186 115119 159159 129129 165208
p14_i2____, 152162 232234 105117 183201 171173 190190 115119 161167 133133 175175
p14_i3____, 156160 228228 105109 177209 163165 194197 099105 161167 129129 165165
p14_i4____, 160162 223227 109117 177197 151169 194199 109111 163163 121122 165187
p14_i5____, 152158 219234 105109 177213 161186 190194 107111 165165 121137 177177
p14_i6____, 147154 217230 109109 175177 157159 192194 103103 161161 121122 171187
p14_i7____, 134152 223228 105113 177177 161167 190190 117119 163181 123133 163177
p14_i8____, 134154 228228 105109 177177 151159 190209 109113 169169 121121 179184
p14_i9____, 147168 227227 105105 195199 151163 182182 119119 165165 122122 179191
p14_i10___, 160170 217234 109117 189211 165171 199199 101115 169169 122122 185191
p14_i11___, 134154 215228 105109 167167 151167 182190 107119 161161 124133 163171
p14_i12___, 154162 217232 105109 175201 161175 188192 101101 155161 122122 177177
p14_i13___, 162166 217223 105109 197201 161163 188205 101107 151155 122124 171171
p14_i14___, 158170 228230 105109 177213 149161 199214 099107 173173 122128 165177
p14_i15___, 160166 219232 105109 197213 155161 192194 107117 165165 122124 191191
pop
p15_i1____, 164166 228232 105105 183209 151159 192207 097097 163163 124124 169169
p15_i2____, 170170 225225 125125 183197 153159 194196 091097 151151 120120 176197
p15_i3____, 170170 232236 105113 209209 149151 190201 097097 151151 128135 167192
p15_i4____, 170172 232236 109125 183191 161175 188194 097097 151151 135135 169173
p15_i5____, 166168 230232 125125 187187 173175 196197 097109 151151 135137 206206
p15_i6____, 152168 223227 121125 183209 151179 188197 097113 151151 128135 175206
p15_i7____, 149166 225225 105121 179191 159163 197203 091091 151161 127127 169169
p15_i8____, 154172 225225 105105 183183 149177 194197 097097 151161 128135 175175
p15_i9____, 166170 227236 105105 169185 151161 194207 091123 151153 124124 167176
p15_i10___, 152166 215232 105109 179179 151151 194194 097115 151151 133135 169169
p15_i11___, 154168 223232 105105 171197 151155 188209 097097 151151 124124 165171
p15_i12___, 145154 232232 105105 183193 149161 182188 097097 151153 124128 171171
p15_i13___, 162166 238244 109109 197197 151175 207207 097097 161163 124135 169169
p15_i14___, 142152 230230 109109 193211 151171 201207 091097 151151 124124 169171
p15_i15___, 140168 232232 105105 171209 149149 197209 097115 167167 123124 173179
pop
p16_i1____, 136147 217221 105109 169197 155169 199207 093099 153171 122122 169169
p16_i2____, 168168 217236 109109 167171 151169 196205 101113 153171 127140 173181
p16_i3____, 154164 221223 109117 189205 161161 201207 113113 151165 140140 177201
p16_i4____, 142154 215217 105105 179179 163169 196209 101101 153165 122140 181185
p16_i5____, 164168 217236 109109 171179 153157 196211 101115 165165 128128 181181
p16_i6____, 156160 211211 105109 169193 161167 188214 101109 151159 127127 185185
p16_i7____, 164168 240242 101109 189197 149177 190196 121121 161163 122122 167205
p16_i8____, 156168 215223 109113 171177 159169 192196 105105 167167 122122 185185
p16_i9____, 152154 227227 109109 175211 151151 182188 095109 153153 122122 175185
p16_i10___, 136158 215242 101109 189197 153169 190199 105109 153161 135135 185205
p16_i11___, 145168 215240 109109 197211 153169 196199 095095 163165 122122 185185
p16_i12___, 158168 227230 105109 191191 140157 182192 095111 151153 122131 181194
p16_i13___, 145168 215223 105105 179211 140157 196209 103113 153153 144144 175194
p16_i14___, 160166 230238 109109 177199 142161 180203 095099 161171 126140 169201
p16_i15___, 145156 213215 105113 181197 144161 182188 097119 151167 122122 175179
pop
p17_i1____, 149154 228228 109109 169183 157161 188188 091115 151151 128135 175206
p17_i2____, 134136 238249 105109 169201 157165 188197 097105 151161 128135 169193
p17_i3____, 154164 219228 105105 187187 155163 196209 091097 151153 124124 167177
p17_i4____, 145154 232252 105105 171197 171180 188196 107109 151151 135135 189189
p17_i5____, 149164 225225 105113 193193 155159 178207 113115 151151 124124 165171
p17_i6____, 152156 225225 105105 175201 159163 188194 101107 151151 124128 171171
p17_i7____, 162166 230252 105113 195195 155165 205205 099123 161163 124135 169169
p17_i8____, 154162 223244 105113 179201 149151 207209 097115 167167 124135 169171
p17_i9____, 149152 208228 109117 177177 157159 203207 091115 151161 124131 173179
p17_i10___, 145145 208225 105105 169191 149161 188207 107115 165169 142142 183189
pop
p18_i1____, 142146 208215 105105 183197 151157 188197 091097 163167 135135 187191
p18_i2____, 149162 208227 121121 175197 149157 197197 093099 151151 120120 187187
p18_i3____, 145160 215227 105105 175197 157169 197197 099111 151153 123123 189191
p18_i4____, 142144 208234 105109 173199 151155 197197 099111 163163 135135 179181
p18_i5____, 140152 208211 105105 183211 144161 186186 099099 163163 135135 165169
p18_i6____, 136152 208232 105125 191211 157167 196197 099099 151151 122122 187187
p18_i7____, 140152 208225 109121 175201 151165 196197 099099 167167 122122 169191
p18_i8____, 149151 221227 121125 173183 138157 186205 099109 167167 120135 170187
p18_i9____, 142164 208211 105109 175175 136163 199205 099099 153163 120120 184189
p18_i10___, 149164 213225 105105 175175 159165 186207 099111 151167 135135 189189
p18_i11___, 147147 215228 105125 173197 151157 186197 099099 163163 128128 184188
p18_i12___, 145149 230234 105109 173181 144151 197197 097099 163163 120144 189195
pop
p19_i1____, 164168 211230 105128 203209 155167 188197 101107 151167 122122 187187
p19_i2____, 149154 221223 105113 173177 155159 182197 095107 161163 127144 181181
p19_i3____, 147160 223223 105105 177177 159167 186186 089095 151161 121122 181193
p19_i4____, 149156 225242 109109 217217 149153 192192 093093 161167 120135 167179
p19_i5____, 149152 209209 105113 177177 146153 186197 105117 151151 122124 183195
p19_i6____, 156168 215228 105105 199203 157159 182197 097105 161161 126135 169177
p19_i7____, 147158 219238 105105 177177 157161 194194 095099 151163 135135 169173
p19_i8____, 149156 217223 105117 211211 153161 192197 093107 151161 121135 167167
p19_i9____, 145147 217228 109109 193193 151171 182188 099099 151151 131137 181181
pop
p20_i1____, 160166 217227 105117 203203 165171 196205 109109 165167 122122 173175
p20_i2____, 156168 217232 105105 191197 169177 191203 119119 165165 122122 186197
p20_i3____, 145152 211217 105105 165201 161165 196196 109109 165165 133133 175183
p20_i4____, 152154 213236 105105 199199 159171 180196 101105 169169 133133 189198
p20_i5____, 156164 228228 109117 189199 151175 196199 099099 159159 128165 181202
p20_i6____, 154154 205232 105109 175193 167179 201201 105105 165165 122140 177200
p20_i7____, 149154 208208 105109 175191 161167 196196 105105 165167 122122 194198
p20_i8____, 154154 227227 105109 175175 163165 180196 113113 165165 122133 173193
p20_i9____, 154160 228228 105109 192201 159167 196196 097097 159169 122122 173192
p20_i10___, 156170 230232 109109 192199 153167 199199 105105 165165 133133 183193
p20_i11___, 154154 205230 109109 175191 163167 196205 109119 159165 133133 189202
p20_i12___, 149154 205232 105109 203203 159169 197203 095095 165165 122122 187189
p20_i13___, 154164 225230 105117 192192 161175 196201 117117 165169 122122 189192
p20_i14___, 154154 213227 105109 175175 163165 180196 113113 165165 122133 173173
pop
p21_i1____, 147152 213230 105105 175175 163171 190209 101107 163163 137137 191191
p21_i2____, 140154 211234 105117 171193 149153 184199 109109 163169 120120 179179
p21_i3____, 164176 213213 105105 173193 163171 186203 089121 165165 120137 186186
p21_i4____, 134152 225230 101113 171171 151167 209209 105105 163167 127127 181195
p21_i5____, 154160 219230 105109 175185 151163 174174 095099 165165 120122 191191
p21_i6____, 154160 219230 105109 175185 159161 207209 103105 163163 120120 195195
p21_i7____, 152154 219225 109109 177223 153155 190190 101105 165165 127127 184184
p21_i8____, 136162 213221 105109 171193 157171 184184 099099 165165 121121 191191
p21_i9____, 152152 209236 109117 175189 165167 176190 107113 163169 137137 181191
p21_i10___, 145164 225228 105109 169169 151159 190190 095109 161161 127135 181181
p21_i11___, 140164 209219 109109 177189 163167 190209 095107 163163 120120 189189
p21_i12___, 156164 230230 105105 189199 153163 190205 101105 163165 120120 165191
p21_i13___, 152164 209249 109109 189209 155167 190209 095101 165165 120120 191191
p21_i14___, 140156 225232 105109 175201 159163 190190 103103 165169 131144 191191
pop
p22_i1____, 145156 221227 109109 177205 151161 192194 101111 153153 122140 161184
p22_i2____, 160160 215225 113117 177221 151151 190190 103103 163163 122122 173191
p22_i3____, 149152 217219 105109 193205 169171 192192 095103 161161 122142 183199
p22_i4____, 149166 225234 109109 171205 165165 168190 101111 163175 122137 167167
p22_i5____, 158162 228228 109113 177205 142159 194197 103113 163163 137140 163163
p22_i6____, 152172 221227 105105 177195 149153 190192 113113 159167 122122 183191
p22_i7____, 156160 221232 105117 171193 163163 184196 107115 163169 122122 177218
p22_i8____, 164172 221234 109109 197197 159177 184184 099099 163163 122122 186186
p22_i9____, 170172 211217 105105 205205 155169 217217 093111 163163 133142 173173
p22_i10___, 156166 228228 113121 167177 151165 190219 111117 151173 122140 193193
p22_i11___, 147152 208240 105109 171185 151155 214214 103113 167173 122122 165176
p22_i12___, 164179 215219 109117 177177 142149 184203 111111 167167 122122 175181
p22_i13___, 158166 221228 109109 177193 155159 182188 115115 151151 123123 196196
p22_i14___, 147160 219221 109109 177197 149159 184184 103103 151151 133133 167167
p22_i15___, 158170 225242 105105 167173 157173 186190 095095 165165 122133 161167
pop
p23_i1____, 140152 204225 105109 177179 155165 196196 105107 167167 121124 167167
p23_i2____, 149168 215227 105121 191191 157165 197197 101105 161167 121121 191191
p23_i3____, 152162 223244 105105 205205 167171 196197 095117 167167 122122 187193
pop
p24_i1____, 145162 208227 105105 173205 157165 190190 099099 163163 122135 184195
p24_i2____, 145149 238246 105113 199205 149159 196196 099101 151161 122122 171187
p24_i3____, 136160 221227 121121 173197 153157 196197 099099 163167 123123 189204
p24_i4____, 160162 208213 105109 173183 159165 197197 099101 151151 122123 169169
pop
p25_i1____, 142147 254254 109109 197207 155159 190190 101105 167167 120135 167167
p25_i2____, 142147 254254 105109 197207 155159 190190 101105 161167 120135 169173
p25_i3____, 142147 252254 105109 197207 155159 188192 101105 161167 120135 170173
p25_i4____, 142147 236254 105109 197207 155159 190190 101105 161167 120135 170173
p25_i5____, 149158 221223 105105 189189 149157 174188 093093 159167 127127 177187
p25_i6____, 138149 242242 105121 185207 155177 188199 097111 151175 122124 171189
p25_i7____, 138149 242242 105121 185207 155177 188199 097111 151175 122124 171189
p25_i8____, 147154 215238 105109 197203 155159 199199 093095 153159 127127 163167
p25_i9____, 147154 215238 105109 197203 155159 199199 093095 153159 127127 163167
p25_i10___, 147154 215238 105109 197203 155159 199199 093095 153159 127127 163167
p25_i11___, 142152 228242 109125 197201 142175 192197 105105 153153 126126 175177
p25_i12___, 142152 228242 109125 197201 142175 192197 105105 153153 126126 175177
pop
p26_i1____, 152156 228236 109109 173191 167171 195205 095095 165165 122124 176204
p26_i2____, 152156 223228 105105 191191 163167 186197 095119 151151 122122 204214
p26_i3____, 152156 223228 105105 185191 163167 186197 095119 151151 122122 204214
p26_i4____, 154154 205230 109109 175175 169175 180194 111121 161167 122124 163192
p26_i5____, 149158 232232 109109 191201 163163 196196 111111 165175 122128 175175
p26_i6____, 149149 223232 105105 185209 163173 186197 095111 159159 124124 196206
p26_i7____, 136152 232232 105109 181201 159163 180203 099125 159165 122122 171198
p26_i8____, 149156 217234 105117 185191 151161 194201 099111 165167 122140 202202
p26_i9____, 149152 223230 105105 185205 163175 197203 095095 165165 124128 204206
p26_i10___, 149164 228234 105109 201207 163169 196205 111113 165165 124129 167171
p26_i11___, 156164 223223 105109 175207 163171 192201 095095 165167 127128 167201
p26_i12___, 152158 230232 105105 185191 171175 197205 095095 165165 122122 175206
p26_i13___, 149164 225236 117117 175185 161165 194196 111117 151165 122122 175204
p26_i14___, 149149 223230 105105 185191 161163 194197 097111 167167 124128 202202
p26_i15___, 136152 232232 105109 181201 159163 180203 099125 159165 122122 171198
pop
p27_i1____, 138168 213228 109109 187215 146159 196196 091093 163171 122122 181181
p27_i2____, 152162 227232 105109 177177 146159 196196 091093 161163 137137 167167
p27_i3____, 149170 208208 109109 197197 159167 196196 099111 151151 122122 177181
p27_i4____, 142147 211215 109109 175209 159163 186186 099103 161167 131131 167197
p27_i5____, 158160 213213 109109 201201 167169 197197 101109 151163 120120 171189
p27_i6____, 149170 211221 105105 175185 151159 199203 105111 151167 121121 189193
p27_i7____, 138170 209215 105105 197207 153157 199213 093105 167169 121121 169175
p27_i8____, 147154 219244 109125 209209 153165 174174 099109 151165 137137 175179
p27_i9____, 152152 225232 105105 185211 151157 199201 111111 163163 122137 196196
p27_i10___, 156166 213213 105109 201201 161163 197199 097099 151167 135137 177192
p27_i11___, 136142 213238 109109 193205 151157 197201 111111 161165 126142 175189
p27_i12___, 152164 213228 105109 167215 153180 192196 097103 165171 122131 181196
p27_i13___, 164170 219219 109109 167167 144175 196197 101111 151163 122122 177189
p27_i14___, 156162 217217 109109 175175 155161 190197 111111 151161 122122 191196
p27_i15___, 136166 227242 109109 167211 161163 192197 103103 161167 122126 165185
pop
p28_i1____, 145152 227227 101101 175175 159175 182194 091099 169169 123137 183183
p28_i2____, 140152 221232 105105 191197 167177 182196 115115 153165 137137 181181
p28_i3____, 145147 223227 101125 197203 155159 182190 099109 153167 137137 169197
p28_i4____, 149172 208223 105105 175183 163163 182186 099099 163163 122131 181195
p28_i5____, 140149 213232 109109 175197 155167 190197 115119 161161 137140 175175
p28_i6____, 140166 221232 105105 167175 165167 174186 099111 177177 123123 169181
p28_i7____, 140140 221232 105105 175179 171184 174178 099113 151161 126137 170171
p28_i8____, 140160 205219 101105 175183 155175 188196 115119 167167 127142 189189
p28_i9____, 149154 221221 105109 175175 149171 182188 111111 165165 133133 150169
p28_i10___, 145166 221232 101105 189199 165167 174186 099121 169177 123140 169183
p28_i11___, 149149 217221 105105 167205 159179 182196 097119 163167 142142 179179
p28_i12___, 149170 219225 105121 175175 157163 182190 093099 165167 129235 175175
p28_i13___, 154158 213221 113113 179197 161171 174186 115121 159163 129137 173186
p28_i14___, 140170 208230 105105 183183 163163 186197 097099 167171 135135 169195
p28_i15___, 140145 208221 105105 175175 144159 190190 097103 163169 135135 169189
p28_i16___, 140145 208221 105105 175175 144159 190190 095095 163169 135135 169189
p28_i17___, 149166 213213 105105 189197 159163 174182 099121 167167 135140 169169
p28_i18___, 145154 217223 109109 175175 153171 178196 099099 149165 135140 181181
p28_i19___, 147154 217217 105105 175197 155163 178196 099111 167167 140147 181181
p28_i20___, 145160 208208 109109 201201 136171 207207 099099 167167 137137 161181
p28_i21___, 145149 208234 101109 197201 167171 194205 099099 167167 135135 181186
p28_i22___, 140147 213227 105105 189197 155175 190196 099109 165187 140140 175187
p28_i23___, 154166 217232 105109 167197 159159 174174 111115 167167 122135 150169
p28_i24___, 154166 232232 105109 189189 155167 196196 111115 167167 123140 150169
p28_i25___, 140147 221223 105109 175177 155171 190190 095097 169169 129135 169169
p28_i26___, 147154 213221 105109 175203 159173 182182 115115 165165 137137 191191
p28_i27___, 140149 219219 105109 193207 151163 178196 099099 167167 128147 192195
p28_i28___, 147172 213217 105105 175207 144155 182196 095099 167167 140140 171171
p28_i29___, 147170 225232 109121 175175 165167 190207 111111 151163 135135 177185
p28_i30___, 140145 213219 105105 175199 163167 186188 099099 165167 137140 175175
p28_i31___, 149166 221225 105105 167167 167171 188188 097099 169169 135142 169169
p28_i32___, 140147 221221 105105 167175 171171 188197 097099 167167 129135 187187
p28_i33___, 147147 221223 105105 175179 144144 182190 099111 161161 140147 187189
p28_i34___, 147149 221227 105117 175203 144171 188199 099099 153163 135137 181185
p28_i35___, 152162 227227 109109 173173 163171 174196 093093 151151 142142 177185
p28_i36___, 140172 223225 105105 167167 167171 182188 095111 167167 129135 181185
p28_i37___, 140147 223232 105113 167175 159163 178196 111111 165165 135135 169186
p28_i38___, 147149 221221 105113 167167 155159 188196 097099 169169 133137 171171
p28_i39___, 140168 213225 109109 175201 144159 184196 111115 163167 135140 150169
p28_i40___, 147147 217227 101105 175189 165167 186186 095099 159159 140142 161195
p28_i41___, 140147 211227 105109 191191 149163 186205 099099 165165 140140 189189
p28_i42___, 145149 208217 105109 167167 155159 186196 109109 151151 135142 193193
p28_i43___, 147172 225232 105121 189197 144155 182190 095099 161167 135137 181187
p28_i44___, 145147 219221 105109 177195 159177 174194 099111 167167 121121 150179
p28_i45___, 147149 219228 105113 177195 149179 174196 099111 151151 121121 150179
p28_i46___, 145147 219221 105113 195211 149159 174194 099099 151151 121121 150150
p28_i47___, 145158 225228 105113 195211 149159 194194 099111 151151 121126 150179
p28_i48___, 145154 213227 105105 175179 144149 176190 099113 151151 147147 175181
p28_i49___, 147168 209223 109109 175211 149163 176176 095095 175175 124142 167173
p28_i50___, 162168 219227 105109 183183 149171 174176 099099 163169 126126 175179
p28_i51___, 147162 217225 105109 191191 146167 190190 099099 165169 126135 183183
p28_i52___, 154158 217227 105105 175191 149179 176194 099109 169169 126165 150185
p28_i53___, 147158 223227 105105 183187 161171 194205 113113 167167 130142 179179
p28_i54___, 145152 227232 105121 175197 157157 197197 111111 163163 135135 167189
p28_i55___, 149149 232234 105121 195211 159180 197197 099109 169169 129135 169189
p28_i56___, 145145 208223 121121 179183 163165 207207 097111 151165 135135 189189
p28_i57___, 142149 217230 105105 173175 157159 197197 111111 163163 140140 169189
p28_i58___, 154166 209217 109109 189189 163169 188192 109111 169169 126142 183183
p28_i59___, 145158 213227 105105 189195 169173 174188 101115 149169 142142 186186
p28_i60___, 149149 221227 105105 175175 144163 188199 121121 169169 121135 167189
p28_i61___, 147158 209221 105113 175189 169171 205205 099109 165169 140142 173183
p28_i62___, 152158 209236 105113 175175 149169 178205 099117 169169 126151 169183
p28_i63___, 154158 209223 101105 187189 169173 188194 095099 161165 126131 150183
p28_i64___, 136158 209230 105105 167187 169171 174205 109111 169169 126142 181181
p28_i65___, 147166 209221 105105 177187 149169 188190 109113 151165 129142 179179
p28_i66___, 154158 209217 109109 189207 163169 192205 109115 165165 126142 150183
p28_i67___, 129158 209221 101105 195195 159169 182205 107109 167169 142170 181181
p28_i68___, 136166 209223 105105 189203 167169 188188 095109 149165 123142 186186
p28_i69___, 149166 209230 105105 189193 157169 174188 099111 165167 142142 179181
p28_i70___, 149158 227227 105105 167189 157169 174188 099113 165167 142142 179181
p28_i71___, 145172 221230 105121 179201 144175 190205 113113 151151 129142 181183
p28_i72___, 154158 209219 109105 177177 151169 196205 101109 167169 126162 150183
p28_i73___, 149158 227227 105105 189193 169171 174188 099111 169169 126135 181181
p28_i74___, 152166 209225 105105 189205 169179 188190 109109 151169 126130 179183
p28_i75___, 149158 209225 177187 177187 169175 190205 099099 165169 140142 179193
