title
locus1, locus2, locus3, locus4, locus5, locus6, locus7, locus8, locus9, locus10, locus11
pop
p1_i1_____, 209209 257261 157165 098112 190190 252278 111113 162166 000000 000000 000000
p1_i2_____, 199209 257273 157181 098118 178200 254256 111113 162166 000000 000000 000000
pop
p2_i1_____, 209213 253283 157159 120120 176176 252274 113113 168176 197205 150160 209209
p2_i2_____, 207225 247253 159159 098120 188194 252274 113115 176176 197197 150154 205209
pop
p3_i1_____, 205221 000000 153177 100116 198198 252272 109115 164176 197205 152158 205205
p3_i2_____, 193193 275275 159159 120134 178196 252272 000000 156182 195195 150160 205207
p3_i3_____, 193213 263265 159165 098134 190220 254282 111111 158178 195203 150152 207215
p3_i4_____, 193207 253261 153177 098116 190198 252270 109109 162162 195197 158162 205207
p3_i5_____, 193193 257265 159183 098120 190194 264266 109109 168174 195195 148152 207207
p3_i6_____, 209211 261281 165165 098098 196202 270274 113113 164176 197209 146154 207207
p3_i7_____, 205221 259285 159159 098118 198198 248256 113125 206206 203203 150152 207207
p3_i8_____, 209215 265279 157159 096098 218218 252254 113117 162168 197197 148152 207209
p3_i9_____, 193209 261285 153165 098124 198218 254266 111127 162174 195197 160172 207207
p3_i10____, 193209 307307 159177 106124 178178 250270 109117 162162 195197 000000 205207
pop
p4_i1_____, 209223 271295 159165 098098 182200 252264 111113 164208 203203 154156 207207
p4_i2_____, 209223 253271 159159 000000 000000 000000 111113 156164 203203 154154 205207
p4_i3_____, 215223 255271 159165 000000 000000 000000 111113 162164 203203 154154 207207
pop
p5_i1_____, 213213 255267 159169 098098 216216 262276 113113 156168 203203 152152 209219
p5_i2_____, 209221 255255 159159 098098 194194 252264 111111 168176 197203 154166 207215
p5_i3_____, 203209 255267 165169 098098 194194 262276 113113 168176 203203 150166 209219
pop
p6_i1_____, 219223 265267 159159 000000 200200 266266 111111 162164 205205 152152 207213
p6_i2_____, 203209 263265 159159 096108 178178 000000 111113 162164 000000 150172 207225
pop
p7_i1_____, 209211 261289 159159 096098 218218 252252 111113 162162 197205 146152 207209
p7_i2_____, 207221 265265 159159 098108 178178 262264 111113 162162 197197 152154 205205
p7_i3_____, 199209 253253 159165 096098 178178 252252 111113 162164 197197 152154 207209
p7_i4_____, 209213 269279 153155 098098 178178 252252 113115 182184 197197 152154 207209
p7_i5_____, 207209 265265 000159 096098 178178 250262 111113 178186 197197 152176 207207
pop
p8_i1_____, 199217 271271 153157 092098 176176 262264 105111 162186 185205 152158 201209
p8_i2_____, 197223 247285 153165 094102 176196 244264 107111 162180 175195 148156 201209
p8_i3_____, 199223 267271 153157 098098 196196 254256 107111 162184 205205 150152 207209
p8_i4_____, 213217 265285 153155 098102 196218 256266 111111 162176 185205 148156 201209
p8_i5_____, 209211 267267 159159 096098 176176 252268 113113 176182 197197 156166 207207
p8_i6_____, 211211 263267 153179 098102 176176 252252 111111 168176 197197 148152 209213
p8_i7_____, 207211 263267 159181 098102 176176 252252 111111 168168 000000 154156 209213
p8_i8_____, 209211 261263 159181 098102 176176 252252 111111 168168 000000 152156 209213
pop
p9_i1_____, 000000 259259 159165 098098 000000 262268 113113 158162 197205 146160 207211
p9_i2_____, 209213 257257 159159 000000 000000 000000 113113 160164 197197 160162 207215
p9_i3_____, 207213 271275 159159 098120 178178 266270 111115 184184 197197 150150 209223
pop
p10_i1____, 213213 253253 159159 098108 188188 252256 111113 182184 197197 150164 207209
p10_i2____, 207213 255281 159159 098098 200200 252256 111113 164174 197197 150160 205211
p10_i3____, 213213 255271 159159 098098 218218 250252 113113 162164 197197 150160 207211
pop
p11_i1____, 207209 255281 165177 092098 188200 272272 113113 176178 197197 152164 207207
p11_i2____, 207209 255281 165177 092098 188200 272272 113113 176178 197197 152164 207207
pop
p12_i1____, 215215 247247 159159 098098 200200 252266 111113 164164 203203 146154 207209
p12_i2____, 211213 255285 155159 098098 190200 268272 111113 174184 197197 146154 205205
p12_i3____, 215215 247275 159159 098098 200200 264272 113113 164164 203203 160162 207209
p12_i4____, 213215 265265 159159 098098 196202 262264 113113 164184 000000 154160 205209
p12_i5____, 211211 271271 159163 092098 218218 252252 111113 172184 209209 146160 207207
p12_i6____, 207215 253253 000000 000000 222222 262272 113113 182182 197203 154160 207209
pop
p13_i1____, 207215 257259 000000 098098 172216 252266 000000 168178 197197 146164 209209
p13_i2____, 215221 267267 157179 098098 178194 252266 111111 168174 203203 146150 207209
p13_i3____, 207225 257261 177181 098098 190200 276276 113113 172176 197203 150152 209211
p13_i4____, 215219 247259 159177 000000 172198 246252 000000 000000 000000 000000 000000
p13_i5____, 211219 261261 159177 098114 198198 246252 111117 162178 201205 146158 207207
p13_i6____, 209213 257259 161189 098098 172194 252266 115115 162168 197203 158160 209209
p13_i7____, 207219 257257 171179 098114 216216 252266 000000 168178 197201 146158 207209
p13_i8____, 193209 257257 165181 098098 200200 254268 000000 156168 195197 158158 209211
pop
p14_i1____, 209211 253253 153159 098098 000000 252264 111113 174176 197197 152152 207211
p14_i2____, 207209 253261 159159 096098 218218 264274 111113 166168 197205 152154 205207
p14_i3____, 209211 255265 159159 096098 218218 252252 111113 162162 197205 152160 207207
pop
p15_i1____, 203217 255271 159165 098098 000000 252256 111111 162174 000000 152154 209213
p15_i2____, 000000 265279 159165 098112 200200 000000 113113 174174 197197 000000 207209
p15_i3____, 209217 279279 000000 098098 218218 256262 113113 164174 197205 152172 207209
p15_i4____, 209221 279279 165175 098116 178178 256256 111111 164174 197197 154156 209209
p15_i5____, 217221 000000 165175 092098 178178 252256 111113 162174 205205 154172 207207
p15_i6____, 217217 255279 165175 098098 200200 252256 111111 162162 205205 150172 207207
p15_i7____, 215215 263279 165175 098098 178178 252256 111111 174176 205205 150154 209209
p15_i8____, 215221 279279 159175 098130 178178 256256 111113 162176 197205 150172 209225
p15_i9____, 215221 255263 159179 098114 190190 246264 113113 162164 205205 148148 209213
p15_i10___, 207215 255265 157159 098098 210210 252260 113113 164164 197205 148156 209213
p15_i11___, 209215 255255 159159 098114 190220 252266 113113 176182 197205 148152 205209
p15_i12___, 209215 261271 157159 098098 210210 252254 113113 162182 197205 148156 209213
pop
p16_i1____, 199209 265265 159169 098098 238238 250280 109117 158158 201209 146152 207207
p16_i2____, 199199 239257 159159 098098 238238 252262 105115 146158 209209 152155 207211
p16_i3____, 199211 263263 171179 098098 194194 250268 105105 158158 205217 150158 209209
p16_i4____, 199199 265267 159169 098109 190202 250276 113115 158162 205213 146152 199207
p16_i5____, 199209 259265 159169 098116 202212 246274 105115 158162 205215 148152 199207
p16_i6____, 194212 263263 153159 098098 180190 266274 115115 158158 195205 148162 211211
pop
p17_i1____, 213213 247247 159159 098112 198198 256262 113113 164164 197197 152160 205213
p17_i2____, 215217 247291 159159 098098 178178 256280 111111 164168 203205 148160 205209
p17_i3____, 000000 000000 000000 098112 178178 250252 113113 164212 197197 152154 209209
p17_i4____, 215217 257267 159159 098098 178190 260266 113113 000000 205205 150162 207211
p17_i5____, 213215 257259 185187 098098 178190 256260 105111 164172 000000 152152 207217
p17_i6____, 209213 247257 163175 098116 194194 252258 113113 164164 197197 152152 205207
p17_i7____, 209213 257257 163163 098098 200200 252262 113113 164164 197197 152160 207217
p17_i8____, 209221 247257 163163 098116 178200 250252 111113 164212 197197 146154 209217
p17_i9____, 209213 247271 163163 098098 190210 252262 111111 164184 000000 152152 205209
pop
p18_i1____, 209211 247271 159181 098100 216216 262268 113113 164178 000000 146160 209209
p18_i2____, 207213 247277 159165 098098 176176 252252 117117 158176 000000 160162 205209
p18_i3____, 207213 271283 177177 098098 172172 254268 113113 162164 197197 162166 209211
p18_i4____, 000000 265271 159159 092098 194194 252270 111127 162162 205205 148152 209211
p18_i5____, 207219 265293 159159 098098 196196 260266 113113 162162 197201 150154 207213
p18_i6____, 213219 263293 159159 098112 218226 260268 113127 162164 201205 148162 209213
p18_i7____, 209217 000000 159159 098098 190190 256268 111111 156164 000000 152158 207207
pop
p19_i1____, 199209 259263 159179 098098 202238 262262 105105 158158 201209 146165 211211
p19_i2____, 200200 247265 159159 098116 196202 268268 105115 158180 205213 148152 207211
p19_i3____, 199207 255257 159165 098098 204204 256274 115115 158174 197209 152158 207207
p19_i4____, 199199 271271 159159 098098 196202 262272 105115 158174 207213 152152 211211
pop
p20_i1____, 209215 253265 159165 098098 190208 252272 115115 172174 197205 146154 207219
p20_i2____, 201207 255261 159159 098098 192200 256270 000000 164204 000000 000000 000000
p20_i3____, 193209 259287 159177 098102 190202 262266 111113 168168 195197 160164 209209
p20_i4____, 201209 263279 159165 098112 190200 252262 113113 170204 197197 148150 207213
p20_i5____, 209215 263279 159179 098100 198218 254268 113113 186186 197205 154160 207207
p20_i6____, 213223 247267 155181 098098 200200 252254 113113 162162 000000 150162 207209
p20_i7____, 213215 253283 157177 092098 200200 250266 113113 162182 197203 146150 207213
p20_i8____, 207207 269283 165165 112120 220220 266268 111113 164164 195203 150152 209211
pop
p21_i1____, 215221 257265 159175 098112 190226 252266 115115 174174 197205 152152 209219
p21_i2____, 215221 255257 159177 098112 190190 252266 115115 172172 197197 150152 215217
pop
p22_i1____, 193225 247265 159181 098098 178178 264268 111131 164168 000000 146150 205219
p22_i2____, 207207 253253 155175 098112 198200 254264 111115 158184 197197 150152 207213
pop
p23_i1____, 201211 267291 159159 112114 190190 252268 113113 164166 000000 146160 205207
p23_i2____, 209219 255255 165165 098098 200200 258264 111111 174182 197205 154154 211213
p23_i3____, 211215 265265 000000 098108 184184 264266 111113 176186 000000 000000 205209
pop
p24_i1____, 209215 255265 159159 098114 200200 262278 111119 168176 197205 150160 207213
p24_i2____, 215225 255259 159165 112122 238238 250268 117117 162166 205205 160174 207209
p24_i3____, 213221 255259 159173 098110 200200 276260 113115 164176 000000 158162 207209
p24_i4____, 203207 259267 159165 098098 200200 000000 113117 168182 197197 152164 207209
p24_i5____, 207227 257267 159165 098098 188188 250252 113113 164178 197197 150150 207207
p24_i6____, 209211 259263 159159 098098 240240 252268 117117 164174 197203 152160 211215
p24_i7____, 207219 255287 159165 098110 202202 252260 113113 162176 197197 160164 207209
p24_i8____, 213219 265267 159159 098110 200200 252276 113113 162168 203203 152160 205209
p24_i9____, 203219 255267 159173 110114 202202 260266 113113 164176 197197 152164 209209
pop
p25_i1____, 213217 255255 000000 098098 202222 252266 113113 164168 205205 150156 209209
p25_i2____, 000000 249267 000000 098098 000000 260262 129129 166172 205205 140144 000000
p25_i3____, 207211 257257 000000 092098 190202 256268 113113 162178 197205 146166 209209
p25_i4____, 193193 257271 159165 098098 210210 256262 000000 166174 195205 146154 205219
p25_i5____, 209211 261267 159177 098124 202202 000000 111111 172178 197197 156162 000000
p25_i6____, 211213 253253 159159 092098 218222 252254 113113 162176 197205 152170 000000
p25_i7____, 209215 253261 159159 098134 178222 256256 113117 162176 205205 150160 000000
p25_i8____, 209213 257267 159159 098098 184200 000000 113117 168174 205205 158164 207209
p25_i9____, 215217 269281 159159 098122 216216 252262 111115 158162 205205 132158 000000
pop
p26_i1____, 207215 261265 159165 098112 194194 250256 111111 176178 197197 152158 205207
p26_i2____, 203213 255267 159175 098098 194196 252258 111113 164174 197205 146156 207207
p26_i3____, 209215 267269 159179 098098 198220 250260 111113 168180 197205 146152 209209
