title
locus1, locus2, locus3, locus4, locus5, locus6, locus7, locus8, locus9, locus10, locus11
pop
p1_i1_____, 193193 253263 153161 096098 178204 000000 113117 174178 195195 148162 207207
p1_i2_____, 193193 267281 153189 130138 204208 252252 117117 162164 195195 156158 207209
p1_i3_____, 193193 263269 153165 096102 194194 258260 113117 158178 195195 150160 205207
pop
p2_i1_____, 193193 269269 157159 098110 220220 266276 111111 172174 195195 152156 207207
p2_i2_____, 193193 253271 147159 098120 178178 252254 113117 168172 195195 154156 207207
p2_i3_____, 193193 261271 153153 098120 216216 248258 111111 176176 195195 132156 215215
p2_i4_____, 193193 251271 143153 000000 190190 252258 111111 168172 195195 160162 207207
p2_i5_____, 193193 253277 153155 098114 188188 270274 127129 172178 195195 150158 207209
p2_i6_____, 193193 263265 153153 098098 184184 256270 117117 182182 195195 152152 207207
p2_i7_____, 193193 253275 159203 098098 192192 252258 115115 158176 195195 154158 207207
p2_i8_____, 193193 253253 157157 098116 200212 252258 111129 180190 195195 148150 000000
p2_i9_____, 191193 255255 153159 000000 208222 250252 117117 174178 195203 158160 207211
p2_i10____, 193193 247269 147159 098098 200200 254270 111129 166184 000000 146162 205207
p2_i11____, 193193 263269 153159 098100 212212 252262 123131 178178 000000 150160 207211
pop
p3_i1_____, 193193 255269 153159 098134 200200 252252 121133 168174 195195 152160 205209
p3_i2_____, 193193 253253 153159 098116 190190 252252 117117 168168 195195 152158 207207
p3_i3_____, 193193 251271 153159 098112 200200 252290 127127 162162 195195 158164 205209
p3_i4_____, 193193 253253 153165 098114 190190 242278 000000 170172 195195 158164 207207
p3_i5_____, 193193 269281 153157 098124 226226 256266 117117 168182 195195 146160 207209
p3_i6_____, 193193 255283 153165 098098 194200 248256 109113 178184 195195 150150 205207
p3_i7_____, 193193 267273 153189 098098 190190 256260 000000 172174 195195 146154 205207
p3_i8_____, 193209 261271 153159 000000 196196 252252 113113 166166 195197 148156 205205
p3_i9_____, 193193 255273 153157 100128 198208 252260 117125 158182 195195 154160 205209
pop
p4_i1_____, 000000 265293 153157 098114 178178 234250 000000 182186 195195 164166 207207
p4_i2_____, 193207 261263 153159 098098 000000 252270 111115 168178 195195 000000 207209
p4_i3_____, 193193 269287 153153 000000 198198 252256 111115 168172 195195 156160 207207
p4_i4_____, 193193 257277 159165 098120 198198 252252 111111 162172 195195 160162 209211
p4_i5_____, 193193 257265 153153 098100 200212 258262 115115 168174 195195 160160 201205
p4_i6_____, 193193 261265 157157 098098 210218 252254 111121 174186 195195 152160 207207
p4_i7_____, 193193 000000 153157 098100 198198 254274 111121 174184 195195 148160 207207
p4_i8_____, 193193 277277 153153 098098 190194 252252 000000 172174 195195 160160 207207
pop
p5_i1_____, 193207 265265 153157 098120 198212 260266 111127 168168 195197 000000 207213
p5_i2_____, 193193 253269 153159 114146 188188 256264 111115 174174 195207 144154 205207
pop
p6_i1_____, 193193 285285 159165 120124 182194 266272 111111 168168 195195 146154 205209
p6_i2_____, 191195 269269 153153 098118 210218 256260 109111 172172 195195 150150 205207
p6_i3_____, 193215 267279 153159 114130 194200 252270 111127 164176 195203 150154 205205
p6_i4_____, 193215 271291 153157 098102 176192 248252 111113 164178 203203 146158 205207
p6_i5_____, 193193 253267 179179 120130 198202 252270 109109 180180 195195 154160 207207
p6_i6_____, 193193 265275 159179 092092 196196 254258 111119 160172 195195 152154 207207
p6_i7_____, 193215 265269 153165 098098 224224 250266 111111 156168 195203 154158 205209
p6_i8_____, 000000 253267 153161 114136 212212 252256 000000 168176 000000 000000 000000
p6_i9_____, 193193 295299 153157 114114 222222 256282 115115 172176 195205 154168 207215
p6_i10____, 193209 263285 153157 094120 000000 252258 113113 178178 195205 158160 209211
p6_i11____, 193193 261265 153153 098098 198198 252258 113113 168178 195195 148150 205207
p6_i12____, 193193 259271 153159 098120 212212 254266 109109 168180 195195 154172 205207
pop
p7_i1_____, 193193 265265 159191 110130 000000 252262 111111 162174 195195 150168 000000
p7_i2_____, 193193 265275 159191 098120 188194 256288 000000 176186 195195 148158 205207
p7_i3_____, 193213 265265 157187 098098 202202 268274 111113 166170 195205 148156 207207
p7_i4_____, 193209 267275 155187 092098 194222 252272 115117 176184 195201 156156 000000
p7_i5_____, 193193 263273 153165 098098 218218 252258 111111 172174 195195 152162 000000
p7_i6_____, 000000 269275 153157 106106 184200 256270 111127 164174 195195 152156 205207
