title
locus1, locus2, locus3, locus4, locus5, locus6, locus7, locus8, locus9, locus10, locus11
pop
p1_i1_____, 199213 259259 157157 098098 000000 250268 107107 158160 203231 146172 209213
p1_i2_____, 199199 273273 159165 098098 196234 250264 105105 158168 203203 154158 207211
p1_i3_____, 199199 263263 151157 096098 000000 264268 105113 164166 205205 148158 207209
p1_i4_____, 199199 000000 159165 098098 194200 256272 109115 160176 203203 148160 211217
p1_i5_____, 199199 000000 151159 000000 198198 252272 105117 156162 199203 000000 207209
p1_i6_____, 197199 000000 157159 096098 190214 250266 105105 158158 203231 156156 209211
p1_i7_____, 199199 257257 159159 098098 198222 254264 125125 162178 197203 146156 209209
p1_i8_____, 199211 255257 159165 098098 000000 000000 000000 158160 203203 156158 000000
p1_i9_____, 000000 255257 000000 098098 200200 264268 115117 160178 205205 146152 201209
pop
p2_i1_____, 201207 259259 157165 098098 202204 252272 000000 000000 000000 000000 000000
p2_i2_____, 199211 261273 161169 098098 190190 246266 105115 158166 201211 146146 207211
p2_i3_____, 000000 255255 153165 100100 200212 250252 000000 000000 000000 000000 000000
p2_i4_____, 000000 255267 153157 098098 222222 250250 000000 000000 000000 000000 209209
p2_i5_____, 000000 000000 157165 098098 198212 252252 113113 160164 203205 156158 207209
p2_i6_____, 000000 259259 165181 086100 186232 252252 107115 158158 203203 146158 209209
p2_i7_____, 199211 269269 157187 098098 200202 250270 107119 158166 207207 148154 207207
p2_i8_____, 000000 000000 151165 098100 210210 252256 111117 162164 203205 152162 207209
pop
p3_i1_____, 199209 269269 000000 096098 192192 254266 105113 158164 201207 146160 209211
p3_i2_____, 199209 000000 165181 096102 214214 252262 105117 158160 197209 146148 211211
p3_i3_____, 199209 000000 157157 096098 200202 266268 115115 158160 000000 150158 207209
p3_i4_____, 199209 000000 157169 098102 232232 250262 000000 158158 000000 156160 211211
p3_i5_____, 199209 267269 151151 096098 210210 254266 113115 158158 203205 146154 207209
p3_i6_____, 199209 267267 000000 098098 190190 246274 000000 000000 000000 142154 207209
p3_i7_____, 209211 000000 169169 098102 192232 262262 117117 158158 000000 150160 209211
p3_i8_____, 209211 261261 165169 102102 214232 252262 000000 000000 000000 148160 211211
p3_i9_____, 209211 000000 169169 102102 192192 250262 117117 160164 197211 158160 207211
p3_i10____, 209211 275275 153183 098104 240240 262274 105115 158158 203205 140150 207209
pop
p4_i1_____, 199209 000000 157159 098098 218218 264268 105109 158166 000000 150150 207209
p4_i2_____, 199199 257257 159165 098100 202202 252252 115115 158166 000000 148152 209209
pop
p5_i1_____, 199207 000000 000000 000000 000000 000000 105105 160166 000000 150152 207209
p5_i2_____, 000000 257257 155159 000000 000000 000000 105105 158166 000000 154158 217217
pop
p6_i1_____, 000000 255257 000000 098098 184190 254270 105115 158158 203203 148152 207211
p6_i2_____, 000000 257267 000000 098098 000000 250264 105107 158158 203203 146160 207207
p6_i3_____, 000000 255263 000000 098098 202202 258276 105105 158160 197203 146158 209217
p6_i4_____, 199199 255263 161165 098098 208220 256272 105113 158158 197203 150156 207213
p6_i5_____, 199199 257263 157159 098098 202202 248272 113113 158158 199203 146160 207213
p6_i6_____, 199199 255257 159159 098098 190190 248270 105113 158158 199203 146150 209213
p6_i7_____, 199199 255257 157159 098098 200208 248260 105119 158158 203203 148150 211213
p6_i8_____, 199199 257263 159165 098098 200208 248252 113119 158158 203203 146160 207209
p6_i9_____, 199199 257263 159169 096100 194194 250270 105113 158158 201203 146160 209209
p6_i10____, 197199 255257 157163 098098 194194 250252 105119 158158 197203 156160 207209
pop
p7_i1_____, 197199 257275 157165 098098 204212 252264 107117 160162 197203 146154 207207
p7_i2_____, 199199 257267 159167 098098 178212 262268 109109 158158 203203 146154 201213
p7_i3_____, 199199 257263 157157 098098 172212 252268 115115 160160 203203 146158 207207
p7_i4_____, 199199 257261 157165 098098 202202 246262 105107 158158 203203 148162 201209
p7_i5_____, 199199 257263 159165 098098 184236 266274 115117 160174 203203 148148 209213
p7_i6_____, 199199 255257 157165 098098 172196 268268 113115 158160 203231 150162 209209
p7_i7_____, 199199 257257 157157 098098 186186 266274 107107 158158 203203 146148 201209
p7_i8_____, 199199 257257 157165 098098 196196 208274 105105 158158 000000 146150 207209
p7_i9_____, 000000 257267 000000 098098 178212 256262 105107 000000 000000 146148 207209
p7_i10____, 000000 257261 000000 098098 186212 208266 105107 000000 000000 150164 201207
pop
p8_i1_____, 199199 257261 159159 098098 236236 262264 105119 158160 203203 146160 207211
p8_i2_____, 199199 255257 151159 098098 200200 254264 109113 158166 199203 146154 205209
p8_i3_____, 199199 257263 159159 098100 190236 258272 105119 158160 203203 148162 207211
p8_i4_____, 199199 255257 151159 098098 190200 254264 109113 158166 197203 146146 205209
p8_i5_____, 199199 257261 151153 098098 258258 250254 113119 158160 203205 148162 207211
p8_i6_____, 199199 257261 161169 098098 222236 266272 105107 158158 199203 148162 207207
p8_i7_____, 199199 257257 159169 098098 236236 268272 107119 158162 203231 146160 207209
p8_i8_____, 199199 255257 159169 098098 236236 252268 107113 158162 203203 146160 207209
p8_i9_____, 199199 255257 159161 098098 216216 250262 105105 158160 199203 146154 209211
p8_i10____, 199211 000000 161163 000000 209211 254270 105107 158160 203203 000000 214214
pop
p9_i1_____, 199199 255257 151159 096100 236236 264272 105105 158158 197203 148158 207211
p9_i2_____, 199211 255257 157159 098098 210210 254280 105113 158160 203203 152162 209213
p9_i3_____, 199199 257261 157159 096098 198198 262272 105105 158158 203203 146148 207211
p9_i4_____, 199199 259259 157159 098098 198198 262272 105105 158158 203203 146150 207211
p9_i5_____, 199199 255257 157159 098098 172200 252262 113113 158158 203231 148162 207211
p9_i6_____, 199211 255257 157165 098100 236236 252268 105109 158158 203203 146150 207213
p9_i7_____, 199199 257267 153159 098098 234248 248272 105105 158158 199203 146148 207209
p9_i8_____, 199199 255257 153159 098100 196208 254266 109109 158160 199203 146150 207213
p9_i9_____, 199199 255257 159159 098098 178196 254254 105105 158158 203203 146162 209211
p9_i10____, 199199 255259 159165 098098 176176 272276 105105 158166 203203 146160 209209
pop
p10_i1____, 199199 000000 000000 000000 000000 000000 000000 158166 000000 148148 207209
p10_i2____, 199209 257257 157159 000000 000000 000000 105105 158166 000000 150150 209209
pop
p11_i1____, 201211 257269 157159 098100 200200 252266 105105 158166 000000 148154 209209
p11_i2____, 199201 257257 157159 096098 200218 262270 105105 160166 000000 148148 209211
