title
locus1, locus2, locus3, locus4, locus5, locus6, locus7, locus8, locus9, locus10, locus11, locus12, locus13, locus14
pop
p1_i1_____, 166168 000000 112130 000000 281283 000000 193195 000000 154158 000000 150164 000000 162166 000000
p1_i2_____, 162164 000000 118122 000000 268279 000000 183183 000000 156166 000000 146148 000000 182196 000000
p1_i3_____, 150170 000000 120120 000000 269283 000000 195197 000000 128156 000000 156170 000000 164194 000000
p1_i4_____, 162168 000000 112112 000000 283283 000000 195195 000000 150156 000000 146164 000000 194194 000000
p1_i5_____, 164168 000000 112117 000000 281283 000000 195199 000000 128156 000000 156156 000000 162196 000000
p1_i6_____, 150166 000000 115120 000000 277283 000000 191195 000000 154154 000000 146156 000000 182196 000000
p1_i7_____, 162162 000000 112130 000000 269269 000000 193197 000000 154156 000000 164164 000000 176194 000000
p1_i8_____, 000000 000000 000000 000000 000000 000000 000000 000000 154156 000000 156162 000000 182194 000000
p1_i9_____, 168170 000000 098112 000000 279283 000000 183201 000000 160168 000000 146170 000000 162182 000000
p1_i10____, 166170 000000 128131 000000 283285 000000 195195 000000 154156 000000 158164 000000 166182 000000
p1_i11____, 162168 000000 112122 000000 273289 000000 195195 000000 158158 000000 154166 000000 164198 000000
p1_i12____, 168168 000000 117124 000000 281283 000000 183195 000000 154158 000000 150156 000000 160182 000000
p1_i13____, 154164 000000 121121 000000 279287 000000 193195 000000 150164 000000 150156 000000 162182 000000
p1_i14____, 164170 000000 112112 000000 269283 000000 179203 000000 154158 000000 146174 000000 182194 000000
p1_i15____, 166168 000000 119126 000000 269283 000000 193197 000000 160162 000000 156166 000000 160202 000000
p1_i16____, 162170 000000 112126 000000 273283 000000 191193 000000 156158 000000 146146 000000 186214 000000
p1_i17____, 162166 000000 112112 000000 277283 000000 193201 000000 000000 000000 000000 000000 000000 000000
p1_i18____, 168172 000000 121128 000000 279281 000000 183201 000000 156158 000000 158170 000000 160160 000000
pop
p2_i1_____, 162166 000000 113126 000000 273273 000000 193195 000000 156174 000000 152158 000000 196196 000000
p2_i2_____, 154162 000000 124126 000000 273273 000000 191193 000000 128158 000000 146156 000000 192212 000000
p2_i3_____, 154162 000000 114116 000000 273273 000000 193193 000000 156164 000000 156158 000000 192200 000000
p2_i4_____, 154162 000000 114122 000000 273273 000000 193193 000000 000000 000000 000000 000000 000000 000000
p2_i5_____, 162162 000000 122122 000000 273277 000000 193195 000000 156162 000000 156158 000000 196196 000000
p2_i6_____, 162162 000000 124124 000000 273277 000000 191193 000000 158158 000000 156158 000000 188192 000000
p2_i7_____, 154162 000000 114122 000000 273273 000000 193207 000000 156158 000000 146158 000000 182194 000000
p2_i8_____, 154162 000000 122122 000000 273273 000000 193193 000000 156158 000000 156156 000000 194216 000000
p2_i9_____, 162162 000000 122124 000000 273277 000000 193195 000000 148166 000000 156174 000000 168202 000000
p2_i10____, 154154 000000 124124 000000 277277 000000 195214 000000 156164 000000 156170 000000 164182 000000
p2_i11____, 154162 000000 122128 000000 273277 000000 193209 000000 170172 000000 156178 000000 198216 000000
p2_i12____, 160162 000000 114124 000000 273273 000000 193193 000000 000000 000000 000000 000000 000000 000000
p2_i13____, 154154 000000 122122 000000 277277 000000 191193 000000 158166 000000 156158 000000 190190 000000
p2_i14____, 162162 000000 122122 000000 273277 000000 193193 000000 156166 000000 158164 000000 188190 000000
p2_i15____, 154154 000000 122122 000000 273273 000000 193193 000000 156158 000000 156158 000000 160164 000000
p2_i16____, 162162 000000 114124 000000 273277 000000 191193 000000 156158 000000 156158 000000 164190 000000
p2_i17____, 162162 000000 124126 000000 273277 000000 220236 000000 156162 000000 158176 000000 190202 000000
p2_i18____, 154162 000000 122124 000000 273283 000000 193193 000000 148158 000000 156158 000000 190192 000000
p2_i19____, 154162 000000 122122 000000 273277 000000 193195 000000 156156 000000 156156 000000 192192 000000
p2_i20____, 162162 000000 116122 000000 273277 000000 193193 000000 000000 000000 000000 000000 000000 000000
pop
p3_i1_____, 000000 000000 000000 000000 000000 000000 000000 000000 152158 000000 156156 000000 190196 000000
p3_i2_____, 154162 000000 124125 000000 273277 000000 191193 000000 128170 000000 156158 000000 172190 000000
p3_i3_____, 160162 000000 116116 000000 277281 000000 191193 000000 162168 000000 154176 000000 190216 000000
p3_i4_____, 162162 000000 115121 000000 273277 000000 193195 000000 156172 000000 152170 000000 188198 000000
p3_i5_____, 154160 000000 098126 000000 277283 000000 193193 000000 154156 000000 148162 000000 166178 000000
p3_i6_____, 154162 000000 114124 000000 273273 000000 193193 000000 000000 000000 000000 000000 000000 000000
p3_i7_____, 160162 000000 124124 000000 273277 000000 193193 000000 152160 000000 156156 000000 192200 000000
p3_i8_____, 154154 000000 116124 000000 273277 000000 193193 000000 148156 000000 172172 000000 190192 000000
p3_i9_____, 154162 000000 116116 000000 273277 000000 191193 000000 156170 000000 152156 000000 164188 000000
p3_i10____, 154154 000000 114124 000000 273281 000000 193193 000000 148176 000000 156174 000000 190190 000000
p3_i11____, 154162 000000 114116 000000 273277 000000 191201 000000 156164 000000 156156 000000 172188 000000
p3_i12____, 162166 000000 118126 000000 277277 000000 191195 000000 148156 000000 156158 000000 182194 000000
p3_i13____, 154162 000000 124126 000000 273273 000000 193193 000000 000000 000000 000000 000000 000000 000000
p3_i14____, 154154 000000 122124 000000 277277 000000 193195 000000 156156 000000 156158 000000 188196 000000
p3_i15____, 154162 000000 116126 000000 273273 000000 193226 000000 148170 000000 156158 000000 172216 000000
pop
p4_i1_____, 162164 000000 122124 000000 271275 000000 191191 000000 164166 000000 148156 000000 198200 000000
p4_i2_____, 164164 000000 124124 000000 277277 000000 191211 000000 156172 000000 156156 000000 184186 000000
p4_i3_____, 162162 000000 124124 000000 273277 000000 193193 000000 154154 000000 170170 000000 162178 000000
p4_i4_____, 154162 000000 124124 000000 277277 000000 191193 000000 156160 000000 160176 000000 210210 000000
p4_i5_____, 162162 000000 113122 000000 273277 000000 193195 000000 156160 000000 160172 000000 180180 000000
p4_i6_____, 156164 000000 124126 000000 277277 000000 193193 000000 156174 000000 156160 000000 190202 000000
p4_i7_____, 154162 000000 113124 000000 273277 000000 195203 000000 158166 000000 156156 000000 188194 000000
p4_i8_____, 154162 000000 122124 000000 277277 000000 195238 000000 156156 000000 158158 000000 188196 000000
p4_i9_____, 160162 000000 124124 000000 277277 000000 195195 000000 148160 000000 156176 000000 164190 000000
p4_i10____, 154162 000000 126126 000000 273277 000000 193193 000000 148154 000000 158158 000000 164202 000000
p4_i11____, 162162 000000 116124 000000 277277 000000 191195 000000 148156 000000 158168 000000 190218 000000
p4_i12____, 154168 000000 113113 000000 273277 000000 191191 000000 158158 000000 146176 000000 196200 000000
p4_i13____, 156164 000000 114124 000000 273279 000000 193195 000000 148162 000000 152158 000000 164168 000000
p4_i14____, 154160 000000 122122 000000 273277 000000 191191 000000 156172 000000 156174 000000 216216 000000
p4_i15____, 162162 000000 116124 000000 277277 000000 201224 000000 170174 000000 154156 000000 184194 000000
pop
p5_i1_____, 160162 000000 122124 000000 277277 000000 196235 000000 156180 000000 156160 000000 164190 000000
p5_i2_____, 162162 000000 116116 000000 273273 000000 193195 000000 000000 000000 000000 000000 000000 000000
p5_i3_____, 162162 000000 124124 000000 273273 000000 193193 000000 128162 000000 156160 000000 192196 000000
p5_i4_____, 154154 000000 114116 000000 273277 000000 195195 000000 156160 000000 156160 000000 168188 000000
p5_i5_____, 160162 000000 122124 000000 273273 000000 193193 000000 156170 000000 156156 000000 196206 000000
p5_i6_____, 154162 000000 122122 000000 277277 000000 194245 000000 152156 000000 156156 000000 168168 000000
p5_i7_____, 160162 000000 122124 000000 273277 000000 193195 000000 156166 000000 172174 000000 194194 000000
p5_i8_____, 154162 000000 120122 000000 273277 000000 193199 000000 164166 000000 156176 000000 172172 000000
p5_i9_____, 160162 000000 116116 000000 273273 000000 191195 000000 148156 000000 168176 000000 168182 000000
p5_i10____, 162162 000000 124126 000000 273277 000000 193195 000000 156156 000000 156164 000000 188208 000000
p5_i11____, 160162 000000 122124 000000 273273 000000 193193 000000 156170 000000 156156 000000 196206 000000
p5_i12____, 154162 000000 114122 000000 273277 000000 191236 000000 156158 000000 170174 000000 198198 000000
p5_i13____, 154162 000000 124124 000000 273277 000000 193193 000000 162164 000000 160168 000000 182198 000000
p5_i14____, 154162 000000 114122 000000 273277 000000 191236 000000 156158 000000 170174 000000 198198 000000
p5_i15____, 154162 000000 116124 000000 273277 000000 193193 000000 128156 000000 156174 000000 208224 000000
p5_i16____, 154160 000000 124124 000000 277277 000000 192192 000000 164164 000000 156156 000000 188190 000000
p5_i17____, 162162 000000 116124 000000 277277 000000 193195 000000 148156 000000 156170 000000 194194 000000
p5_i18____, 162162 000000 116122 000000 273277 000000 191246 000000 158164 000000 156156 000000 192210 000000
p5_i19____, 160162 000000 116122 000000 273277 000000 191191 000000 000000 000000 000000 000000 000000 000000
p5_i20____, 160162 000000 122124 000000 273273 000000 193193 000000 156170 000000 156156 000000 196206 000000
pop
p6_i1_____, 162162 000000 122124 000000 277277 000000 195199 000000 160166 000000 156162 000000 174200 000000
p6_i2_____, 162162 000000 126126 000000 277277 000000 193220 000000 160168 000000 156162 000000 158188 000000
p6_i3_____, 160162 000000 122124 000000 273277 000000 195223 000000 000000 000000 000000 000000 000000 000000
p6_i4_____, 154160 000000 124124 000000 273277 000000 191193 000000 152156 000000 156156 000000 172210 000000
p6_i5_____, 162162 000000 122122 000000 273279 000000 195199 000000 156172 000000 156156 000000 174208 000000
p6_i6_____, 154162 000000 122126 000000 277277 000000 191195 000000 160166 000000 156156 000000 200222 000000
p6_i7_____, 162162 000000 122124 000000 273277 000000 199234 000000 168170 000000 156156 000000 172174 000000
p6_i8_____, 154160 000000 122124 000000 273279 000000 191191 000000 160170 000000 156174 000000 190202 000000
p6_i9_____, 154162 000000 124126 000000 277277 000000 205222 000000 160172 000000 156170 000000 184188 000000
p6_i10____, 154162 000000 122122 000000 277277 000000 191199 000000 158168 000000 162162 000000 174188 000000
p6_i11____, 160162 000000 122124 000000 273277 000000 199199 000000 154168 000000 156172 000000 164164 000000
p6_i12____, 160162 000000 114122 000000 273279 000000 196213 000000 152158 000000 160162 000000 188210 000000
p6_i13____, 154166 000000 122126 000000 277277 000000 197199 000000 158160 000000 156162 000000 158158 000000
p6_i14____, 160162 000000 116116 000000 277279 000000 192206 000000 156160 000000 156156 000000 182200 000000
p6_i15____, 162162 000000 122124 000000 273279 000000 195197 000000 168170 000000 156162 000000 174202 000000
p6_i16____, 154162 000000 124124 000000 277277 000000 191222 000000 160166 000000 156156 000000 188188 000000
p6_i17____, 158164 000000 112122 000000 274278 000000 201201 000000 158160 000000 156160 000000 216222 000000
p6_i18____, 162162 000000 122124 000000 273277 000000 197228 000000 162172 000000 156170 000000 174174 000000
p6_i19____, 162162 000000 122124 000000 277277 000000 191191 000000 000000 000000 000000 000000 000000 000000
pop
p7_i1_____, 162162 000000 122124 000000 277279 000000 191201 000000 156164 000000 156168 000000 174174 000000
p7_i2_____, 162162 000000 124124 000000 277283 000000 191193 000000 160172 000000 156156 000000 210222 000000
p7_i3_____, 154162 000000 122126 000000 277277 000000 194194 000000 156156 000000 156156 000000 202202 000000
p7_i4_____, 160160 000000 122124 000000 277279 000000 193209 000000 128160 000000 156156 000000 172174 000000
p7_i5_____, 162168 000000 124124 000000 277279 000000 192199 000000 160164 000000 156162 000000 176186 000000
p7_i6_____, 154162 000000 114114 000000 277277 000000 197205 000000 154168 000000 156156 000000 174174 000000
p7_i7_____, 156164 000000 122124 000000 273277 000000 191193 000000 156170 000000 156156 000000 172202 000000
p7_i8_____, 160162 000000 116122 000000 277277 000000 205238 000000 152156 000000 156156 000000 160160 000000
pop
p8_i1_____, 154162 000000 122124 000000 277277 000000 209209 000000 158172 000000 156162 000000 174218 000000
p8_i2_____, 160168 000000 122122 000000 273279 000000 191197 000000 158158 000000 156156 000000 174186 000000
p8_i3_____, 154162 000000 122122 000000 277277 000000 199209 000000 152172 000000 156156 000000 174174 000000
p8_i4_____, 162162 000000 122122 000000 273273 000000 192196 000000 154166 000000 156156 000000 174202 000000
p8_i5_____, 162162 000000 122124 000000 277277 000000 196198 000000 128172 000000 156156 000000 208208 000000
p8_i6_____, 162162 000000 124124 000000 273277 000000 191209 000000 160162 000000 156156 000000 194216 000000
p8_i7_____, 162162 000000 124124 000000 277277 000000 191205 000000 158172 000000 156156 000000 174174 000000
p8_i8_____, 162168 000000 114122 000000 277279 000000 195209 000000 000000 000000 000000 000000 000000 000000
pop
p9_i1_____, 160168 000000 122124 000000 273273 000000 192198 000000 128156 000000 156168 000000 164194 000000
p9_i2_____, 160162 000000 114122 000000 277277 000000 191197 000000 154156 000000 156156 000000 164222 000000
p9_i3_____, 160164 000000 122126 000000 273279 000000 191191 000000 128160 000000 156156 000000 186188 000000
p9_i4_____, 160160 000000 000000 000000 283283 000000 198198 000000 156172 000000 156156 000000 174174 000000
p9_i5_____, 154160 000000 122126 000000 273273 000000 192192 000000 158160 000000 158164 000000 166178 000000
p9_i6_____, 154160 000000 122124 000000 273277 000000 193209 000000 158164 000000 156164 000000 174210 000000
p9_i7_____, 154160 000000 122126 000000 273279 000000 197197 000000 158160 000000 156156 000000 186198 000000
p9_i8_____, 160162 000000 122124 000000 273273 000000 217223 000000 156172 000000 156156 000000 174186 000000
pop
p10_i1____, 154162 000000 122124 000000 273277 000000 197214 000000 158164 000000 156156 000000 174174 000000
p10_i2____, 162168 000000 122126 000000 273277 000000 211214 000000 000000 000000 000000 000000 000000 000000
p10_i3____, 162162 000000 122126 000000 279283 000000 191191 000000 158164 000000 156156 000000 198198 000000
p10_i4____, 160162 000000 124126 000000 273273 000000 216216 000000 160164 000000 156156 000000 182214 000000
p10_i5____, 162168 000000 122124 000000 273283 000000 197197 000000 128160 000000 156156 000000 198210 000000
p10_i6____, 154168 000000 113122 000000 273277 000000 228230 000000 154158 000000 146158 000000 182192 000000
p10_i7____, 162168 000000 114114 000000 277283 000000 191197 000000 000000 000000 000000 000000 000000 000000
