title
locus1, locus2, locus3, locus4, locus5, locus6, locus7, locus8, locus9, locus10, locus11, locus12, locus13, locus14
pop
p1_i1_____, 156156 000000 114131 000000 277277 000000 187187 000000 172176 000000 146146 000000 162162 000000
p1_i2_____, 156156 000000 114114 000000 277277 000000 189195 000000 172172 000000 146146 000000 158162 000000
p1_i3_____, 156156 000000 114114 000000 277277 000000 189189 000000 170172 000000 146146 000000 158158 000000
p1_i4_____, 156156 000000 114114 000000 277277 000000 189189 000000 170172 000000 146146 000000 158162 000000
p1_i5_____, 156156 000000 114131 000000 277277 000000 187187 000000 166170 000000 146146 000000 162162 000000
p1_i6_____, 156156 000000 114114 000000 277277 000000 187189 000000 150172 000000 146146 000000 162162 000000
p1_i7_____, 156156 000000 114114 000000 277277 000000 187187 000000 168176 000000 146146 000000 162162 000000
p1_i8_____, 156170 000000 114114 000000 277277 000000 187189 000000 000000 000000 000000 000000 000000 000000
pop
p2_i1_____, 156156 000000 114114 000000 277277 000000 195195 000000 172172 000000 146146 000000 162162 000000
p2_i2_____, 156156 000000 114114 000000 277277 000000 187189 000000 172172 000000 146146 000000 160162 000000
p2_i3_____, 156156 000000 114114 000000 277277 000000 189189 000000 170172 000000 146146 000000 162162 000000
p2_i4_____, 156156 000000 114114 000000 277277 000000 187195 000000 172172 000000 146146 000000 158164 000000
p2_i5_____, 156156 000000 114114 000000 277277 000000 189189 000000 170172 000000 146146 000000 158162 000000
p2_i6_____, 156156 000000 114114 000000 277277 000000 187187 000000 170176 000000 146146 000000 162162 000000
p2_i7_____, 156158 000000 114114 000000 277277 000000 193193 000000 172172 000000 146146 000000 158162 000000
pop
p3_i1_____, 156156 000000 114114 000000 277277 000000 187193 000000 172172 000000 146146 000000 160162 000000
p3_i2_____, 000000 000000 000000 000000 000000 000000 000000 000000 144144 000000 144150 000000 138138 000000
p3_i3_____, 156156 000000 114114 000000 277277 000000 187187 000000 172176 000000 146146 000000 162170 000000
p3_i4_____, 156156 000000 114114 000000 277277 000000 187189 000000 170172 000000 146146 000000 158162 000000
p3_i5_____, 156156 000000 114114 000000 277277 000000 187189 000000 150176 000000 132146 000000 162162 000000
p3_i6_____, 156156 000000 114114 000000 277277 000000 187187 000000 172176 000000 146146 000000 160162 000000
p3_i7_____, 156156 000000 125125 000000 277277 000000 189193 000000 150176 000000 146146 000000 158160 000000
p3_i8_____, 156156 000000 114131 000000 277277 000000 187189 000000 000000 000000 000000 000000 000000 000000
pop
p4_i1_____, 156156 000000 114114 000000 277277 000000 189195 000000 168174 000000 146146 000000 160162 000000
p4_i2_____, 156156 000000 114114 000000 277277 000000 189195 000000 168176 000000 146146 000000 162162 000000
p4_i3_____, 156156 000000 114114 000000 277277 000000 187195 000000 166176 000000 146146 000000 158162 000000
p4_i4_____, 156156 000000 114114 000000 277277 000000 189189 000000 168172 000000 146146 000000 160162 000000
p4_i5_____, 156156 000000 114114 000000 277277 000000 189189 000000 170170 000000 146146 000000 158162 000000
p4_i6_____, 156156 000000 114114 000000 277277 000000 196196 000000 168172 000000 146146 000000 160162 000000
p4_i7_____, 156156 000000 114114 000000 277277 000000 187195 000000 172176 000000 146146 000000 160162 000000
p4_i8_____, 156156 000000 114114 000000 277277 000000 187193 000000 172172 000000 146146 000000 162162 000000
pop
p5_i1_____, 156156 000000 114114 000000 277277 000000 189195 000000 168168 000000 146146 000000 158158 000000
p5_i2_____, 156156 000000 114114 000000 277277 000000 189193 000000 172172 000000 146146 000000 162164 000000
p5_i3_____, 156156 000000 114114 000000 277277 000000 187195 000000 170172 000000 146146 000000 162162 000000
p5_i4_____, 156156 000000 114114 000000 277277 000000 189195 000000 168176 000000 146146 000000 162162 000000
p5_i5_____, 156156 000000 114114 000000 277277 000000 187187 000000 170172 000000 146146 000000 158162 000000
p5_i6_____, 156156 000000 114114 000000 277277 000000 187189 000000 170172 000000 146146 000000 158158 000000
p5_i7_____, 156166 000000 114114 000000 277277 000000 187189 000000 172176 000000 146146 000000 162162 000000
p5_i8_____, 156156 000000 114114 000000 277277 000000 195195 000000 168172 000000 146146 000000 162164 000000
pop
p6_i1_____, 156156 000000 114114 000000 277277 000000 187187 000000 168172 000000 146146 000000 162162 000000
p6_i2_____, 156156 000000 114114 000000 277277 000000 189189 000000 154172 000000 146146 000000 162162 000000
p6_i3_____, 156156 000000 114114 000000 277277 000000 187189 000000 172172 000000 146146 000000 162162 000000
p6_i4_____, 156156 000000 114114 000000 277277 000000 187187 000000 168172 000000 146146 000000 162162 000000
p6_i5_____, 156156 000000 114114 000000 277277 000000 193195 000000 172172 000000 146146 000000 162162 000000
p6_i6_____, 156156 000000 114114 000000 277277 000000 187189 000000 172172 000000 146146 000000 158168 000000
p6_i7_____, 156156 000000 114114 000000 277277 000000 189195 000000 170170 000000 146146 000000 162162 000000
p6_i8_____, 156158 000000 114116 000000 277277 000000 189195 000000 168172 000000 146146 000000 162162 000000
pop
p7_i1_____, 156156 000000 114114 000000 277277 000000 187187 000000 172174 000000 146146 000000 160162 000000
p7_i2_____, 156166 000000 114131 000000 277277 000000 193193 000000 166172 000000 146146 000000 162164 000000
p7_i3_____, 156156 000000 114114 000000 277277 000000 187189 000000 168172 000000 146146 000000 162162 000000
p7_i4_____, 156156 000000 114114 000000 277277 000000 189193 000000 172172 000000 146146 000000 162162 000000
p7_i5_____, 156156 000000 114114 000000 277277 000000 189193 000000 172176 000000 146146 000000 160162 000000
p7_i6_____, 156166 000000 114114 000000 277277 000000 187189 000000 172172 000000 146146 000000 160162 000000
p7_i7_____, 156166 000000 114114 000000 277277 000000 187189 000000 172172 000000 146146 000000 160162 000000
p7_i8_____, 156156 000000 114114 000000 277277 000000 187191 000000 150172 000000 146146 000000 162162 000000
pop
p8_i1_____, 156156 000000 114114 000000 277277 000000 187193 000000 168172 000000 146146 000000 162164 000000
p8_i2_____, 156156 000000 114114 000000 277277 000000 189193 000000 168172 000000 146146 000000 158162 000000
p8_i3_____, 148156 000000 112114 000000 277277 000000 187189 000000 172176 000000 146148 000000 158162 000000
p8_i4_____, 156156 000000 114114 000000 277277 000000 187187 000000 172174 000000 146146 000000 000000 000000
p8_i5_____, 156156 000000 114114 000000 277277 000000 193193 000000 172172 000000 146148 000000 162162 000000
p8_i6_____, 156166 000000 114114 000000 277277 000000 189189 000000 172172 000000 146146 000000 162162 000000
p8_i7_____, 156156 000000 114114 000000 277277 000000 189193 000000 170170 000000 146148 000000 158162 000000
p8_i8_____, 156156 000000 114114 000000 277277 000000 189189 000000 172172 000000 146146 000000 158160 000000
pop
p9_i1_____, 156156 000000 114114 000000 277277 000000 187187 000000 172172 000000 146146 000000 162164 000000
p9_i2_____, 156178 000000 114114 000000 277277 000000 187187 000000 150176 000000 146146 000000 162162 000000
p9_i3_____, 156156 000000 114114 000000 277277 000000 189189 000000 150172 000000 146148 000000 158160 000000
p9_i4_____, 156156 000000 114114 000000 277277 000000 187189 000000 170174 000000 146146 000000 158162 000000
p9_i5_____, 156156 000000 114114 000000 277277 000000 187187 000000 168176 000000 146146 000000 160162 000000
p9_i6_____, 156156 000000 114114 000000 277277 000000 189193 000000 150168 000000 146146 000000 158162 000000
p9_i7_____, 156156 000000 114114 000000 277277 000000 187189 000000 172172 000000 146146 000000 160162 000000
p9_i8_____, 148148 000000 118131 000000 275275 000000 189193 000000 172172 000000 146146 000000 158162 000000
