title
locus1, locus2, locus3, locus4, locus5
pop
p53_i1____, 080 113 075 095 124
p53_i2____, 080 113 075 095 124
p53_i3____, 080 113 075 095 124
p53_i4____, 080 113 075 095 124
p53_i5____, 080 113 075 095 124
pop
p11_i1____, 081 113 074 095 123
p11_i2____, 080 113 075 095 124
p11_i3____, 081 113 074 095 123
p11_i4____, 081 113 074 095 123
p11_i5____, 081 113 074 095 123
pop
p31_i1____, 081 114 074 000 123
p31_i2____, 081 114 074 000 123
p31_i3____, 080 113 075 095 124
p31_i4____, 081 114 074 000 123
p31_i5____, 080 113 075 095 000
p31_i6____, 000 000 000 000 000
p31_i7____, 081 114 074 000 123
p31_i8____, 081 114 074 000 123
p31_i9____, 080 113 075 095 124
p31_i10___, 080 113 075 095 124
pop
p22_i1____, 080 113 075 095 124
p22_i2____, 080 113 075 095 124
p22_i3____, 080 113 075 095 124
p22_i4____, 080 113 075 000 124
p22_i5____, 080 113 075 095 124
p22_i6____, 080 113 075 095 124
p22_i7____, 000 000 000 000 000
p22_i8____, 080 113 075 095 124
p22_i9____, 000 000 000 000 000
p22_i10___, 080 113 075 095 124
p22_i11___, 080 113 075 095 124
pop
p21_i1____, 080 113 075 095 124
p21_i2____, 080 113 075 095 124
p21_i3____, 080 113 075 095 124
p21_i4____, 080 113 075 095 124
p21_i5____, 080 113 075 095 124
p21_i6____, 080 113 075 095 124
p21_i7____, 080 113 075 095 124
p21_i8____, 080 113 075 095 124
p21_i9____, 080 113 075 095 124
p21_i10___, 080 113 075 095 124
pop
p27_i1____, 000 000 000 000 000
p27_i2____, 000 000 000 000 000
pop
p33_i1____, 081 114 074 094 122
p33_i2____, 081 114 074 094 122
p33_i3____, 081 114 074 094 122
p33_i4____, 081 114 074 094 122
p33_i5____, 081 114 074 094 122
p33_i6____, 081 114 074 094 122
p33_i7____, 081 114 074 094 122
pop
pop
p81_i1____, 081 113 075 095 123
p81_i2____, 081 113 075 095 123
p81_i3____, 081 113 075 095 123
p81_i4____, 000 000 000 000 000
p81_i5____, 081 113 075 095 123
p81_i6____, 081 113 075 095 123
p81_i7____, 081 113 075 095 123
p81_i8____, 081 113 075 095 123
p81_i9____, 081 113 075 095 123
p81_i10___, 000 000 000 000 000
pop
p14_i1____, 080 113 075 095 124
p14_i2____, 080 113 075 095 124
p14_i3____, 080 113 075 095 124
p14_i4____, 080 113 075 095 124
p14_i5____, 080 113 075 095 124
p14_i6____, 080 113 075 095 124
p14_i7____, 080 113 075 095 124
p14_i8____, 080 113 075 095 124
pop
p29_i1____, 081 113 075 094 123
p29_i2____, 081 113 075 094 123
p29_i3____, 081 113 075 094 123
p29_i4____, 081 113 075 094 123
p29_i5____, 081 113 075 094 123
p29_i6____, 081 113 075 094 123
p29_i7____, 081 113 075 094 123
pop
p75_i1____, 081 113 075 095 123
p75_i2____, 081 113 075 095 123
p75_i3____, 081 113 075 095 123
p75_i4____, 081 113 075 095 123
p75_i5____, 081 113 075 095 123
p75_i6____, 081 113 075 094 123
pop
p54_i1____, 081 113 075 095 123
p54_i2____, 081 113 075 095 123
p54_i3____, 081 113 075 095 123
p54_i4____, 081 113 075 095 123
p54_i5____, 081 113 075 095 123
p54_i6____, 081 113 075 095 123
p54_i7____, 081 113 075 095 123
p54_i8____, 081 113 075 095 123
p54_i9____, 081 113 075 095 123
p54_i10___, 081 113 075 095 123
p54_i11___, 000 000 000 000 000
p54_i12___, 081 113 075 095 123
p54_i13___, 081 113 075 095 123
pop
p83_i1____, 081 113 075 094 123
p83_i2____, 081 113 075 094 123
p83_i3____, 081 113 075 094 123
p83_i4____, 081 113 075 094 123
p83_i5____, 081 113 075 094 123
p83_i6____, 000 000 000 000 000
p83_i7____, 081 113 075 094 123
pop
p84_i1____, 080 113 075 095 124
p84_i2____, 080 113 075 095 124
p84_i3____, 080 113 075 095 124
p84_i4____, 080 113 075 095 124
p84_i5____, 080 113 075 095 124
p84_i6____, 080 113 075 095 124
p84_i7____, 080 113 075 095 124
p84_i8____, 080 113 075 095 124
p84_i9____, 080 113 075 095 124
p84_i10___, 080 113 075 095 124
p84_i11___, 080 113 075 095 124
pop
p85_i1____, 080 113 075 095 124
p85_i2____, 080 113 075 095 124
p85_i3____, 080 113 075 095 124
p85_i4____, 080 113 075 095 124
p85_i5____, 080 113 075 095 124
p85_i6____, 080 113 075 095 124
p85_i7____, 080 113 075 095 124
p85_i8____, 080 113 075 095 124
p85_i9____, 080 113 075 095 124
p85_i10___, 080 113 075 095 124
p85_i11___, 000 114 000 000 124
p85_i12___, 080 113 075 095 124
pop
p47_i1____, 081 113 075 094 123
p47_i2____, 081 113 075 094 123
p47_i3____, 081 113 075 094 123
p47_i4____, 081 113 075 094 123
p47_i5____, 081 113 075 094 123
p47_i6____, 081 113 075 094 123
p47_i7____, 081 113 075 094 123
p47_i8____, 081 113 075 094 123
p47_i9____, 081 113 075 094 123
p47_i10___, 081 113 075 094 123
p47_i11___, 081 113 075 094 123
pop
pop
p46_i1____, 080 113 075 095 124
p46_i2____, 080 113 075 095 124
p46_i3____, 080 113 075 095 124
p46_i4____, 000 000 000 000 000
p46_i5____, 080 113 075 095 124
pop
p7_i1_____, 000 000 000 000 000
p7_i2_____, 080 113 075 095 124
p7_i3_____, 080 113 075 095 124
p7_i4_____, 080 113 075 095 124
p7_i5_____, 080 113 075 095 124
pop
p15_i1____, 080 113 075 095 124
p15_i2____, 080 113 075 095 124
p15_i3____, 080 113 075 095 124
p15_i4____, 080 113 075 095 124
p15_i5____, 080 113 075 095 124
p15_i6____, 080 113 075 095 124
p15_i7____, 080 113 075 095 124
p15_i8____, 080 113 075 095 124
p15_i9____, 080 113 075 095 124
p15_i10___, 080 113 075 095 124
p15_i11___, 080 113 075 095 124
p15_i12___, 080 113 075 095 124
p15_i13___, 080 113 075 095 124
pop
p48_i1____, 080 113 075 095 124
p48_i2____, 080 113 075 095 124
pop
p49_i1____, 081 113 075 096 124
p49_i2____, 081 113 075 096 124
p49_i3____, 081 113 075 096 124
p49_i4____, 081 113 075 096 124
p49_i5____, 081 113 075 096 124
p49_i6____, 081 113 075 096 124
p49_i7____, 081 113 075 095 123
p49_i8____, 081 113 075 095 123
pop
p24_i1____, 081 113 075 096 124
p24_i2____, 081 113 075 096 124
p24_i3____, 081 113 075 096 124
p24_i4____, 081 113 075 096 124
p24_i5____, 081 113 075 096 124
p24_i6____, 081 113 075 096 124
p24_i7____, 081 113 075 096 124
p24_i8____, 081 113 075 096 124
p24_i9____, 081 113 075 096 124
p24_i10___, 081 113 075 096 124
p24_i11___, 000 113 000 000 000
p24_i12___, 081 113 075 096 124
pop
p25_i1____, 080 113 075 095 124
p25_i2____, 080 113 075 095 124
p25_i3____, 080 113 075 095 124
p25_i4____, 080 113 075 095 124
p25_i5____, 000 000 000 000 000
p25_i6____, 000 000 000 000 000
p25_i7____, 080 000 075 000 000
p25_i8____, 080 113 075 000 000
pop
p32_i1____, 081 113 075 095 123
p32_i2____, 000 000 000 000 000
p32_i3____, 081 113 075 095 123
p32_i4____, 081 113 075 095 123
p32_i5____, 081 113 075 095 123
p32_i6____, 081 113 075 095 123
p32_i7____, 081 113 075 095 123
p32_i8____, 081 113 075 095 123
p32_i9____, 081 113 075 095 123
p32_i10___, 081 113 075 095 123
p32_i11___, 081 113 075 095 123
p32_i12___, 081 113 075 095 123
p32_i13___, 081 113 075 095 123
p32_i14___, 081 113 075 095 123
p32_i15___, 081 113 075 095 123
pop
p64_i1____, 081 113 075 094 123
p64_i2____, 081 113 075 094 123
p64_i3____, 081 113 075 094 123
p64_i4____, 081 113 075 094 123
p64_i5____, 081 000 075 000 000
pop
p56_i1____, 080 112 074 094 123
p56_i2____, 080 112 074 094 123
p56_i3____, 080 112 074 094 123
p56_i4____, 080 112 074 094 123
p56_i5____, 080 112 074 094 123
pop
p57_i1____, 080 112 074 094 123
p57_i2____, 080 111 074 094 123
p57_i3____, 080 111 074 094 123
p57_i4____, 080 112 074 095 123
p57_i5____, 080 112 074 095 123
p57_i6____, 080 112 074 095 123
p57_i7____, 080 000 000 000 000
p57_i8____, 080 112 074 095 123
p57_i9____, 080 112 074 095 123
p57_i10___, 080 112 074 095 123
p57_i11___, 080 112 074 095 123
p57_i12___, 080 112 074 095 123
p57_i13___, 080 112 074 095 123
p57_i14___, 080 112 074 095 123
p57_i15___, 080 112 074 000 000
p57_i16___, 080 112 074 095 123
p57_i17___, 080 112 074 095 123
p57_i18___, 080 112 074 095 123
pop
p58_i1____, 081 113 075 095 122
p58_i2____, 081 113 075 095 122
p58_i3____, 081 113 075 095 123
p58_i4____, 081 113 075 095 122
p58_i5____, 080 112 074 095 123
p58_i6____, 080 112 074 095 123
p58_i7____, 080 112 074 095 123
p58_i8____, 081 113 075 095 123
pop
p59_i1____, 080 112 074 095 123
p59_i2____, 080 112 074 095 123
p59_i3____, 080 112 074 095 123
p59_i4____, 080 112 074 095 123
p59_i5____, 080 112 074 095 123
pop
p60_i1____, 080 112 074 094 123
p60_i2____, 080 112 074 095 123
pop
p61_i1____, 080 112 074 095 123
p61_i2____, 081 000 000 000 000
pop
p62_i1____, 083 113 074 097 122
p62_i2____, 083 113 074 097 122
p62_i3____, 083 113 074 097 122
p62_i4____, 083 113 074 097 122
pop
p82_i1____, 083 113 074 097 122
p82_i2____, 083 113 074 097 122
p82_i3____, 083 113 074 097 122
p82_i4____, 083 113 074 097 122
p82_i5____, 083 113 074 097 122
p82_i6____, 083 113 074 097 122
p82_i7____, 083 113 074 097 122
p82_i8____, 083 113 074 097 122
p82_i9____, 083 113 074 097 122
p82_i10___, 083 113 074 000 122
p82_i11___, 083 113 074 097 122
pop
p55_i1____, 083 113 074 097 122
p55_i2____, 083 113 074 097 122
pop
p19_i1____, 083 113 074 097 122
p19_i2____, 083 113 074 097 122
p19_i3____, 083 000 074 000 000
p19_i4____, 083 113 074 097 122
p19_i5____, 083 000 000 000 000
p19_i6____, 083 113 074 097 122
p19_i7____, 083 113 074 097 122
p19_i8____, 083 113 074 097 122
p19_i9____, 083 113 074 097 122
p19_i10___, 083 113 074 097 122
p19_i11___, 083 113 074 097 122
pop
p79_i1____, 083 113 074 096 122
p79_i2____, 083 113 074 096 122
p79_i3____, 083 113 074 096 122
p79_i4____, 083 113 074 096 122
p79_i5____, 083 113 074 096 122
p79_i6____, 083 113 074 095 122
p79_i7____, 083 113 074 095 122
p79_i8____, 083 113 074 096 122
pop
p41_i1____, 083 113 074 096 122
p41_i2____, 083 113 074 096 122
p41_i3____, 083 113 074 096 122
p41_i4____, 083 113 074 096 122
p41_i5____, 083 113 074 096 122
p41_i6____, 083 113 074 000 122
p41_i7____, 083 113 074 096 122
p41_i8____, 083 113 074 096 122
p41_i9____, 083 113 074 000 122
p41_i10___, 083 000 000 000 000
p41_i11___, 083 113 074 000 122
p41_i12___, 083 113 074 000 000
p41_i13___, 083 113 074 096 122
pop
p37_i1____, 082 112 075 095 126
p37_i2____, 082 112 075 095 126
p37_i3____, 082 112 075 095 126
p37_i4____, 082 112 075 095 126
p37_i5____, 082 112 075 095 126
p37_i6____, 082 112 075 095 126
p37_i7____, 082 112 075 095 126
p37_i8____, 082 112 075 095 126
p37_i9____, 082 112 075 095 126
p37_i10___, 082 112 075 095 126
pop
p76_i1____, 083 113 074 097 122
p76_i2____, 083 113 074 097 122
p76_i3____, 083 113 074 097 122
p76_i4____, 083 113 074 097 122
p76_i5____, 083 113 074 097 122
p76_i6____, 083 113 074 097 122
p76_i7____, 083 113 074 097 122
p76_i8____, 083 113 074 097 122
p76_i9____, 083 113 074 097 122
p76_i10___, 083 113 074 097 122
p76_i11___, 083 113 074 097 122
p76_i12___, 083 113 074 097 122
p76_i13___, 083 113 074 097 122
p76_i14___, 083 113 074 097 122
p76_i15___, 083 113 074 097 122
pop
p86_i1____, 083 113 074 095 122
p86_i2____, 083 113 074 096 122
p86_i3____, 083 113 074 095 122
p86_i4____, 083 113 074 095 122
p86_i5____, 083 113 074 095 122
p86_i6____, 083 113 074 095 122
p86_i7____, 083 113 074 095 122
p86_i8____, 083 113 074 097 122
p86_i9____, 083 113 074 095 122
p86_i10___, 083 113 074 095 122
p86_i11___, 083 113 074 095 122
p86_i12___, 083 113 074 096 122
p86_i13___, 083 113 074 096 122
p86_i14___, 083 113 074 095 122
pop
p17_i1____, 082 113 074 096 122
p17_i2____, 082 113 074 096 122
p17_i3____, 082 113 074 096 122
p17_i4____, 082 113 074 096 122
p17_i5____, 082 113 074 096 122
p17_i6____, 082 113 074 096 122
p17_i7____, 082 113 074 096 122
p17_i8____, 082 112 075 095 126
p17_i9____, 082 113 074 096 122
p17_i10___, 083 113 074 095 122
p17_i11___, 082 113 074 096 122
p17_i12___, 082 112 075 095 126
p17_i13___, 082 113 074 096 122
p17_i14___, 082 113 074 096 122
p17_i15___, 082 113 074 096 122
pop
p13_i1____, 083 113 074 097 122
p13_i2____, 083 113 074 097 122
p13_i3____, 083 113 074 000 122
p13_i4____, 083 113 074 097 122
p13_i5____, 083 113 074 097 122
p13_i6____, 083 113 074 097 122
p13_i7____, 083 113 074 097 122
p13_i8____, 083 113 074 097 122
p13_i9____, 083 113 074 097 122
p13_i10___, 083 113 074 097 122
p13_i11___, 083 113 074 097 122
p13_i12___, 083 113 074 097 122
p13_i13___, 083 113 074 097 122
pop
p34_i1____, 083 112 074 095 124
p34_i2____, 083 112 074 095 124
p34_i3____, 083 112 074 095 124
p34_i4____, 083 112 074 095 124
pop
p35_i1____, 083 112 074 095 124
p35_i2____, 083 112 074 095 124
p35_i3____, 082 112 075 094 126
p35_i4____, 082 112 075 094 126
p35_i5____, 083 112 074 095 124
p35_i6____, 082 112 075 094 126
p35_i7____, 082 112 075 094 126
p35_i8____, 082 112 075 094 126
p35_i9____, 082 112 075 094 126
p35_i10___, 082 112 075 094 126
p35_i11___, 082 112 075 094 126
pop
p12_i1____, 082 112 074 094 124
p12_i2____, 082 112 074 094 124
p12_i3____, 082 112 074 094 124
p12_i4____, 082 112 074 094 124
p12_i5____, 082 112 074 094 124
p12_i6____, 082 112 074 094 124
p12_i7____, 082 112 074 094 124
p12_i8____, 082 112 074 094 124
p12_i9____, 082 112 074 094 124
p12_i10___, 082 112 074 094 124
p12_i11___, 082 112 074 094 124
p12_i12___, 082 112 074 094 124
p12_i13___, 082 112 074 094 124
p12_i14___, 084 111 074 095 123
pop
p45_i1____, 085 112 075 095 126
p45_i2____, 085 112 075 095 126
p45_i3____, 083 112 074 095 123
p45_i4____, 085 112 075 095 126
p45_i5____, 083 112 074 095 123
p45_i6____, 083 112 074 095 123
p45_i7____, 085 112 075 095 126
pop
p77_i1____, 084 112 075 095 126
p77_i2____, 083 112 074 095 123
p77_i3____, 083 112 074 095 123
p77_i4____, 084 112 075 095 126
pop
p10_i1____, 083 112 074 095 123
p10_i2____, 084 112 074 096 123
p10_i3____, 083 112 074 095 123
p10_i4____, 083 112 074 095 123
p10_i5____, 083 112 074 095 123
p10_i6____, 083 112 074 095 123
p10_i7____, 084 112 074 096 123
p10_i8____, 083 112 074 095 123
p10_i9____, 083 112 074 095 123
p10_i10___, 084 112 074 096 123
p10_i11___, 083 112 074 095 123
p10_i12___, 083 112 074 095 123
pop
p9_i1_____, 082 112 075 096 126
p9_i2_____, 082 112 075 094 125
p9_i3_____, 082 112 075 096 126
p9_i4_____, 082 112 075 096 126
p9_i5_____, 082 112 075 096 126
p9_i6_____, 082 112 075 096 126
p9_i7_____, 082 112 075 096 126
p9_i8_____, 082 112 075 096 126
p9_i9_____, 082 112 075 096 126
pop
p52_i1____, 084 112 074 095 123
p52_i2____, 083 113 074 096 122
