title
locus1, locus2, locus3, locus4, locus5, locus6, locus7, locus8, locus9, locus10, locus11, locus12, locus13, locus14, locus15, locus16
pop
p53_i1____, 219219 106106 247237 119109 140132 124120 196194 258254 170162 219203 190190 162160 241201 210202 266254 123121
p53_i2____, 225209 106100 253249 121111 156146 124120 202196 274274 162162 219205 190188 164164 215199 222202 252252 121113
p53_i3____, 225209 104104 243239 125117 130130 124116 196194 254252 162162 209205 192188 176172 217215 220210 262254 121113
p53_i4____, 221219 106100 249237 121121 142140 124118 214200 258234 162162 221215 190190 164162 221217 214210 260252 113113
p53_i5____, 223219 104104 243235 117117 130130 120116 196196 272256 162162 205205 188188 166164 217199 216202 252252 149135
pop
p11_i1____, 223221 104104 255235 121121 146132 116104 202194 254252 174162 205203 194188 178168 211205 218212 266252 113113
p11_i2____, 223209 104104 261249 129113 142132 126124 200198 260250 164162 225197 188188 160160 227225 230214 258252 113113
p11_i3____, 233229 104100 265237 119115 140140 118116 200200 256254 190162 215205 188188 180166 241217 216214 252250 121113
p11_i4____, 233221 106106 249235 131121 146140 126116 202200 252252 174162 203203 194190 168168 211207 216212 256252 121113
p11_i5____, 211209 104104 247247 125121 000000 126124 200196 254252 182162 207203 192182 170160 217205 218216 266252 121119
pop
p31_i1____, 209203 106106 255253 121119 132122 120116 196196 260254 168162 223205 188188 164160 229217 220220 252252 121121
p31_i2____, 225223 000000 253245 123121 140140 118108 200194 252250 180162 205203 188188 164164 221219 218216 256252 121113
p31_i3____, 221221 104104 253251 109109 154140 118106 200200 252252 170162 219205 188188 172164 223211 218218 254252 121113
p31_i4____, 223221 000000 255247 125115 140132 128120 200196 252252 180176 211205 188182 166164 217217 220214 256252 133113
p31_i5____, 221211 104104 253247 123121 146140 126120 202200 266250 192162 223197 188188 164160 217201 216212 254252 113113
p31_i6____, 229227 104104 261249 123115 136136 122122 196186 260250 172162 207205 190188 174074 233215 218214 252250 129121
p31_i7____, 225221 122122 000000 123111 132130 124118 000000 272250 000000 203203 188182 164164 215211 218218 000000 125121
p31_i8____, 219203 106106 000000 121117 140140 124106 000000 252250 000000 197197 188180 166164 221199 216202 000000 121113
p31_i9____, 221211 000000 255253 121115 140130 122120 200196 276266 168162 223203 188188 170160 217215 220216 260254 113113
p31_i10___, 225223 104104 247235 109109 148140 126118 196194 252252 162162 223211 188180 166164 221209 220212 252252 119113
pop
p22_i1____, 221209 000000 255253 123109 132132 126124 202194 260250 168162 000000 190188 166160 000000 218214 254250 113113
p22_i2____, 231223 106106 255247 117115 140140 000000 198194 256240 170170 201201 190188 164160 219205 220218 254250 113113
p22_i3____, 221219 104104 247237 121117 148140 124108 198194 266252 168166 217217 188188 182182 227217 220212 254252 113113
p22_i4____, 225219 000000 249237 123109 134134 120106 198194 270252 162162 215197 190188 162162 225221 218212 254254 121113
p22_i5____, 209203 106106 255249 123121 146142 124120 200194 268258 162162 219207 190188 182164 225221 220214 266266 131121
p22_i6____, 231223 118118 255247 000000 138138 120108 196194 266252 190184 217205 190188 182182 217215 220218 254252 129113
p22_i7____, 227225 104104 265249 115113 146142 132124 194194 258250 176168 231211 190188 180164 227207 218218 254252 125113
p22_i8____, 223209 104104 257243 117117 132130 124108 200196 266252 194178 219203 192188 166160 221217 220212 280254 127121
p22_i9____, 223221 106100 247243 123123 132130 128108 200194 252252 190180 219209 194190 182166 215211 216210 252252 131121
p22_i10___, 221209 000000 247245 121121 126126 130124 200198 256254 180178 219211 188188 160160 000000 220214 252252 127121
p22_i11___, 223209 104104 257243 117117 132130 124108 200196 266252 194178 219203 192188 166160 221217 220212 280254 127121
pop
p21_i1____, 225221 104104 261247 119117 132132 124116 202196 270268 190162 249215 188188 178164 229215 212202 288268 113113
p21_i2____, 223201 000000 265259 129113 132130 120104 200198 258250 172168 223205 190180 168166 237219 216210 262254 135113
p21_i3____, 223223 000000 265237 117113 142134 124122 216194 256252 186162 217205 188188 164164 219211 218212 254250 113113
p21_i4____, 209207 116116 253237 117117 136132 126110 200152 268254 176162 229205 190190 176160 229219 218204 254254 145113
p21_i5____, 239203 106106 263255 121111 138138 122118 196194 264250 176162 207207 188180 166164 239239 218218 258258 119113
p21_i6____, 225207 116116 253249 113113 140132 122110 200196 268258 176162 215205 190190 160156 223207 220218 258258 117113
p21_i7____, 223201 106106 267253 115113 138138 128126 200196 252244 180162 205205 188188 170168 225219 216214 266262 133113
p21_i8____, 223221 106104 267255 119115 140140 124122 200194 252244 168162 223205 190180 176170 223217 218214 256250 121113
p21_i9____, 225197 000000 253251 111109 142130 126124 198198 254250 184162 205203 188188 176172 231215 220212 270254 117113
p21_i10___, 221221 000000 243239 113109 138132 126118 198198 270250 170162 205205 190190 162160 223211 212210 256256 129113
pop
p27_i1____, 233221 108108 269239 127105 130130 114114 218194 254252 180162 211205 190182 172160 217205 220208 252252 141127
p27_i2____, 237235 106106 259243 121121 140140 120106 196162 280266 172170 227207 188188 160160 231205 220204 244244 131129
pop
p33_i1____, 237211 104104 251249 115111 140132 124120 198196 250246 180162 221217 188188 162160 215211 214210 272254 137113
p33_i2____, 223223 104104 249245 125125 146132 122112 200196 252252 164162 211205 192190 162162 207199 218212 252252 121113
p33_i3____, 233221 106106 243237 129115 140136 128118 198196 268252 164164 203203 190186 170160 233211 224220 254254 113113
p33_i4____, 227227 100100 255235 123123 130130 132130 202194 270240 186170 203203 190182 160160 219215 220210 252252 131121
p33_i5____, 233225 000000 267253 137109 140140 122108 198198 268258 180180 217211 190188 172160 219219 220212 252252 121113
p33_i6____, 225209 000000 243235 123119 134122 122120 200196 264256 162162 231205 192188 168168 217215 220218 262252 125121
p33_i7____, 227223 106104 267241 127111 140140 124114 200198 270258 168162 229209 188182 162160 199199 212210 272252 137113
pop
p81_i1____, 231225 100100 271241 129115 146140 132116 198194 270260 170162 223205 190188 160160 225217 218212 252252 125121
p81_i2____, 225221 126106 000000 123117 000000 122120 000000 266260 162162 213213 188186 166164 219215 216212 000000 119113
p81_i3____, 225209 104102 259247 115107 130130 130118 202196 266258 174162 219209 192192 164156 217213 212210 250250 123123
p81_i4____, 235225 000000 247247 119111 142132 118116 200194 266250 166162 203203 190188 170166 225215 218214 270252 113113
p81_i5____, 233225 000000 000000 111109 130130 128106 000000 270254 000000 207207 192188 166164 225221 214202 262262 123113
p81_i6____, 221197 104104 259237 121115 140140 120120 194194 266260 180170 205203 190182 164164 233223 218218 262262 113113
p81_i7____, 235221 100100 259235 121117 130130 124118 200198 278250 168166 207205 194190 168168 223219 218212 000000 113113
p81_i8____, 203199 106106 247247 119115 130122 126124 192170 266258 000000 219205 190188 160160 237219 212212 000000 113113
p81_i9____, 225221 106106 249237 125117 140140 130118 196196 268254 162162 205197 192188 160160 225213 212212 000000 113113
p81_i10___, 219197 116116 255241 119119 140140 122118 196196 256250 162162 205203 190180 168162 219217 212210 000000 121113
pop
p14_i1____, 221203 000000 257245 125123 146146 124116 200162 256256 180178 205205 188188 178160 239215 216204 262262 119113
p14_i2____, 249221 000000 257245 117111 138138 124108 200198 244240 170162 233211 188188 166162 243207 216214 000000 129121
p14_i3____, 221219 104104 255245 117115 150150 108106 198196 266244 170162 233211 190182 166166 235207 214210 244244 129121
p14_i4____, 211209 000000 249237 119119 150128 134124 200200 256250 170162 205205 186182 170166 227201 216212 252252 125125
p14_i5____, 249221 104104 257245 125109 150150 124106 200198 266240 162162 233211 190182 170162 235215 216214 256256 129121
p14_i6____, 209209 104100 261251 125119 122122 118116 200196 254252 168162 219217 192188 170170 211211 226212 266252 121113
p14_i7____, 221221 100100 259257 115109 146140 124108 200194 252244 182162 205205 188188 172162 227225 218216 246246 127123
p14_i8____, 221221 100100 259257 115109 146140 124108 200194 252244 182162 205205 188188 172162 227225 218216 246246 127123
pop
p29_i1____, 215209 112112 257247 117109 150138 120118 196194 250246 174162 221197 192188 164160 217215 218210 258252 129127
p29_i2____, 221221 104104 263261 115107 150150 116116 202194 256252 164162 221197 192186 172160 215215 220212 252252 119113
p29_i3____, 229221 100100 247245 121117 140136 130120 194168 254252 180176 211203 188188 164162 215211 226212 260250 119113
p29_i4____, 229223 104104 247247 121111 152132 128120 200152 256252 168162 213209 192188 174074 221217 214204 254252 121113
p29_i5____, 223209 106106 247237 133119 136136 126126 196194 258254 176162 209203 192188 160160 219203 218218 252250 121113
p29_i6____, 203197 104104 000000 135125 140138 116104 000000 256254 162162 243205 194188 170170 221213 218212 258258 121117
p29_i7____, 229203 106106 243235 119113 130130 118108 200198 264262 176162 205197 188188 162162 231221 218212 254252 121113
pop
p75_i1____, 229217 108104 237237 125115 130130 120116 200196 252252 168162 213197 192188 164162 241219 218212 262246 121113
p75_i2____, 225223 106106 265249 125109 146140 124116 200196 268260 168162 215213 190190 176164 219217 220214 258256 127121
p75_i3____, 209209 104104 245235 123111 146124 128118 204194 254250 168162 223221 190188 164160 227209 220218 268254 121113
p75_i4____, 225203 000000 247237 123115 146136 118112 202194 256254 168168 217203 192188 164160 227219 218202 252252 121113
p75_i5____, 223221 104104 255247 115113 140140 124120 194194 252250 194162 215205 192190 160156 219201 220218 254254 121119
p75_i6____, 233227 000000 247247 123115 132132 122122 196194 256250 170162 219211 190188 180172 251221 220218 256252 129121
pop
p54_i1____, 235219 100100 255253 123123 130130 124110 196184 260252 180162 205203 182182 178160 217209 224210 264252 137125
p54_i2____, 231217 100100 255247 129113 130128 136110 200198 258252 162162 203197 188182 164164 219203 214212 250250 123119
p54_i3____, 203203 104104 251245 129119 142130 122118 194194 264250 174168 201201 188186 164164 239217 220210 254250 121113
p54_i4____, 209197 104104 261247 127115 134130 124122 200194 272268 180170 213205 192190 160074 227219 218212 254252 135131
p54_i5____, 211211 106104 251247 119115 140140 138114 196196 256250 170162 211205 192182 182160 215211 210210 250250 125119
p54_i6____, 215205 000000 000000 123123 140140 136118 214194 266252 180162 217201 188188 178178 213205 218208 266252 123121
p54_i7____, 227211 104104 253235 125111 156130 118110 200194 252250 174162 205201 192182 170168 217201 218210 254252 135125
p54_i8____, 227209 000000 000000 133125 146132 120118 200196 272252 180162 219205 192188 176164 231217 214210 256250 121113
p54_i9____, 203201 100100 257247 115115 130130 120110 196194 274252 178162 205203 190190 166166 209203 220210 252252 143113
p54_i10___, 225203 100100 235235 137119 132130 128128 196196 264260 170162 215201 192188 170164 217209 216210 252250 125119
p54_i11___, 235223 106106 000000 125121 138138 124120 198194 250240 168168 217203 188188 166160 221215 224218 254254 113113
p54_i12___, 235215 100100 265245 127123 140134 136118 194162 272252 162162 217205 188182 160160 205205 218204 266252 123121
p54_i13___, 225203 000000 251251 121117 138138 120106 200200 264254 190162 217213 190188 170170 221219 214214 252252 121113
pop
p83_i1____, 235219 102102 247235 125109 132132 122120 200196 280252 162162 225213 192188 160160 225207 218212 254252 131121
p83_i2____, 221209 104104 263247 123119 142142 118116 196196 270262 206162 233197 194188 160160 213207 212212 254250 137113
p83_i3____, 229221 106100 247237 115109 142132 124118 202196 282268 168162 207197 188182 164162 229229 232214 288250 121121
p83_i4____, 219209 100100 249247 113111 146130 124118 236196 272256 168162 213205 188182 162160 231215 212210 256254 119113
p83_i5____, 203201 108100 247235 117115 140140 124120 198198 280244 174162 203203 188188 174156 227207 212210 252252 113113
p83_i6____, 227219 112112 257247 129123 140134 152118 202196 252250 186176 221213 192188 166164 227225 218210 256250 121113
p83_i7____, 235209 100100 247237 115111 130130 124118 196196 272252 188168 215213 188182 160160 231215 212210 254254 121113
pop
p84_i1____, 223209 104104 261235 133129 132130 124120 196196 258252 178170 219197 188188 162156 221211 216212 252252 121113
p84_i2____, 225203 104104 263249 127107 140130 122120 198196 276244 168162 213207 192182 164156 229217 218216 254252 131121
p84_i3____, 231229 106104 263235 121109 142130 124118 200196 266254 162162 211201 188182 162160 217215 216210 262254 121113
p84_i4____, 225205 100100 265257 119115 140138 122122 200196 260252 170162 203201 188188 164160 219219 216214 254252 113113
p84_i5____, 227225 000000 251241 117109 138138 122118 196194 254254 162162 207205 188188 168162 229217 220216 254252 121113
p84_i6____, 225225 000000 251251 109109 138130 120120 194194 278254 162162 213203 190186 168160 225223 220218 264256 121113
p84_i7____, 227225 116116 265257 123121 130130 120120 198196 252244 180162 213201 190188 178160 223221 220212 256250 121113
p84_i8____, 233203 106106 000000 121107 130130 124122 000000 266264 000000 213211 190182 162160 225217 000000 262262 121113
p84_i9____, 201197 110106 247245 119117 130130 128122 212194 252250 162162 217197 190190 170170 227217 212212 254252 121113
p84_i10___, 211209 106106 263259 113109 138138 124118 200196 256250 182170 247213 192186 176170 229211 220214 252252 137119
p84_i11___, 225225 100100 000000 117117 138134 120118 000000 256242 000000 205197 190190 166156 223213 220220 000000 125113
pop
p85_i1____, 223203 102102 257239 117115 130130 124116 198196 266254 174170 229205 192190 162162 223217 212210 266254 127113
p85_i2____, 225199 000000 253253 121115 132122 112110 194194 252240 180162 219205 192188 166164 223215 218212 256256 125113
p85_i3____, 233225 120120 257245 117117 132122 110100 194192 244244 162162 207203 192190 168162 225221 218212 254254 121113
p85_i4____, 235221 000000 245239 125125 142140 124116 194194 270266 164162 207205 188188 164164 221217 218218 260252 121113
p85_i5____, 205199 000000 253253 123111 142140 124120 196196 268256 178162 209205 190188 168160 221221 210202 256252 121113
p85_i6____, 231223 000000 255253 123119 138138 130110 196194 246246 178162 211209 188188 170164 225221 210202 266254 113113
p85_i7____, 223223 000000 257239 119115 130130 116100 198194 254244 170162 205203 192190 170162 227223 218210 266254 135129
p85_i8____, 225225 000000 253247 125119 138138 116100 200196 258246 180164 217203 190188 170170 221221 214210 254252 153113
p85_i9____, 223221 104104 257257 121115 132130 118110 196194 266256 170162 229205 188188 160160 223201 220210 262262 127113
p85_i10___, 231205 000000 255237 121109 142138 122118 196196 246246 162162 205205 188188 172164 225221 218202 254254 113113
p85_i11___, 221199 106104 255237 129121 140140 124116 200194 256250 164162 205205 188188 174172 221219 214210 000000 131113
p85_i12___, 225199 000000 253247 123123 134132 124122 194194 246244 164162 209205 188188 168164 221221 210210 254252 125113
pop
p47_i1____, 223209 104100 263253 113113 134132 122118 200192 266256 168162 207203 192188 178162 235217 218210 252252 125113
p47_i2____, 225203 104104 265247 121121 142134 120106 218196 268266 188178 205205 188182 168166 221211 210210 252252 123113
p47_i3____, 227219 106100 263253 115111 130122 120118 198196 258254 162162 207199 182182 160160 219219 212212 254252 123113
p47_i4____, 221221 108106 257247 119119 150138 126118 200194 270254 180172 225213 188182 162160 223205 220202 262252 113113
p47_i5____, 227209 106106 265247 131125 142130 124124 198196 272254 162162 209207 192182 172160 221215 210210 266246 121113
p47_i6____, 233231 102100 263253 123123 138130 124106 200162 262258 184166 233213 194190 168160 219211 214204 252252 131113
p47_i7____, 203203 106106 251247 129123 000000 120118 196194 266258 168162 209197 188188 170170 221211 212210 252252 127113
p47_i8____, 227223 112112 245237 119119 140140 122118 198196 258258 162162 211205 190190 000000 239215 214212 252250 113113
p47_i9____, 233209 000000 251245 109109 152152 142122 214198 256252 172170 213213 188188 160160 215205 210202 262262 121113
p47_i10___, 233231 102100 263253 123123 138130 124106 200162 262258 184166 233213 194190 168160 219211 214204 252252 131113
p47_i11___, 233203 104104 257237 109109 152142 126124 200194 274256 170162 205197 188188 174160 217215 218212 254252 133113
pop
p46_i1____, 209197 104104 271243 119115 130130 122118 196194 256244 170162 207203 188188 188160 229217 220202 256254 121113
p46_i2____, 227223 104104 257247 125123 142140 124122 200198 256250 162162 219205 188188 160160 235215 216210 252250 123113
p46_i3____, 227227 000000 247235 133117 140140 124120 198198 268250 170162 211203 188188 174166 219219 218210 254254 123113
p46_i4____, 227223 000000 247235 123119 142140 116116 200200 268250 162162 211205 190188 164160 235219 210202 268258 123113
p46_i5____, 227209 100100 249247 119119 138138 124114 200200 256256 186172 213203 188188 168160 217217 214212 254252 121115
pop
p7_i1_____, 221197 100100 253253 123115 130130 124124 198196 260256 162162 209197 188180 162160 223219 224214 266252 133113
p7_i2_____, 235221 106106 271255 123119 140140 128116 212198 260256 162162 207207 190190 168160 259209 210210 252250 121113
p7_i3_____, 197197 100100 261235 115111 152140 124116 200194 256254 170162 213205 180180 168166 227199 218210 268254 119113
p7_i4_____, 229225 100100 243235 127109 142142 124120 196196 272256 188180 225213 188188 160160 219219 218210 258252 121113
p7_i5_____, 223221 104104 243235 119115 140130 124118 212196 258250 168162 219207 188182 176164 221205 224214 258258 121113
pop
p15_i1____, 225209 100100 000000 121109 140136 128124 000000 270252 170162 219219 188188 164164 223215 216210 268254 113113
p15_i2____, 223209 106106 255253 127119 130130 124118 200194 268250 162162 197197 188188 164162 225205 218214 254252 121113
p15_i3____, 227203 100100 245237 131117 130130 118118 200196 268258 180168 215205 188188 164164 227217 218212 256252 121113
p15_i4____, 223203 104100 255255 000000 130130 118118 000000 262256 000000 203203 188188 164164 245245 218214 000000 123121
p15_i5____, 249197 104104 257245 115115 134134 124124 200164 270252 170162 233221 188182 164164 215199 218204 256252 121113
p15_i6____, 209199 100100 279253 115109 136136 124124 192178 254248 162162 211205 192182 164160 231201 210202 262250 131113
p15_i7____, 225209 118106 237237 127115 142142 124124 000000 268256 162162 217197 182182 168168 217211 000000 254254 125121
p15_i8____, 000000 114100 245237 121119 130130 120118 000000 274260 162162 205197 188188 160160 199199 210210 252252 113113
p15_i9____, 000000 000000 259245 000000 000000 000000 000000 000000 000000 217203 188188 172074 207199 214214 252252 121113
p15_i10___, 223197 000000 261261 119115 146130 122118 198196 250244 188162 217205 188182 168160 217201 220212 268258 129113
p15_i11___, 229205 104104 000000 115111 140140 124122 000000 270256 000000 203187 188188 162160 219219 218216 000000 121113
p15_i12___, 205201 104104 253247 131125 136136 124122 200194 256256 186162 203203 196190 168160 227209 216214 266254 121113
p15_i13___, 241227 104104 259255 131115 140130 130118 200196 252250 180170 203203 188188 172162 207199 214212 254252 119113
pop
p48_i1____, 237223 104100 261249 115115 136130 136136 196196 256256 176162 209203 188188 162162 219215 212210 252246 125113
p48_i2____, 229225 104104 255255 121117 142130 118116 202194 254234 162162 219207 188182 176162 217211 220212 260260 121113
pop
p49_i1____, 237209 104100 259259 123115 130130 122108 198194 282266 170166 229207 190186 160160 217201 220218 254252 139127
p49_i2____, 221203 122098 259249 121107 130130 122120 196194 254244 174166 241205 192186 160160 233215 224218 254252 127113
p49_i3____, 225221 106106 253247 119117 136130 120118 000000 278258 168166 219203 192182 162160 221201 218212 250250 113113
p49_i4____, 273209 106100 253235 121111 154136 122118 204196 254234 170162 197197 188186 172158 229221 212212 254252 123123
p49_i5____, 227225 120106 245243 133119 148142 124108 200194 266256 162162 221203 192182 170160 207201 222216 252250 129121
p49_i6____, 223223 106104 269235 137111 138138 114108 216196 254254 170168 203203 188188 176164 249217 218212 256252 133113
p49_i7____, 237211 100100 263235 125105 136134 112110 232198 244244 176162 203197 188182 164162 225215 212210 260254 131113
p49_i8____, 207197 106100 245235 129119 130130 128126 222204 270254 168164 205203 182182 160160 227201 214208 256254 113113
pop
p24_i1____, 223203 112106 251247 117111 134134 120118 196196 266254 178162 205197 190188 164160 217201 216212 256252 125113
p24_i2____, 241225 104104 261249 117117 138138 122108 196194 266254 176162 227209 188188 164164 235213 218202 252250 125121
p24_i3____, 227223 106106 257253 129125 130124 124118 200188 264256 168162 219205 188188 168166 239207 218212 256256 131125
p24_i4____, 223203 112106 251247 115111 134134 120118 196194 266254 178162 205197 190188 164160 217201 216212 256252 125113
p24_i5____, 225201 100100 255237 115111 122122 132108 200194 268252 162162 213205 190188 160160 233217 218218 256250 121113
p24_i6____, 225225 100100 237237 111111 122122 120108 200194 268260 162162 213205 188188 166160 233201 218218 258256 121113
p24_i7____, 233197 104104 267245 121119 146140 128120 196196 266246 184162 215205 192188 164160 235227 214210 254254 121113
p24_i8____, 223209 106104 265257 115111 156140 132118 200200 256244 172162 207197 192188 164160 225225 214212 252252 121113
p24_i9____, 225221 104100 249249 121113 146146 126118 200196 260256 162162 211209 190182 170160 213207 216214 254252 145135
p24_i10___, 235209 106104 259253 123123 138122 120120 194194 256254 182162 205205 190188 160160 217217 218216 254252 127113
p24_i11___, 237203 106106 257251 121115 142130 118108 200190 252248 180168 203201 192188 160156 227225 216212 000000 129121
p24_i12___, 221197 104104 265247 121115 138138 124120 200196 252244 162162 215213 190186 160074 225221 218218 258252 133123
pop
p25_i1____, 235223 000000 253247 129127 132130 120118 196194 270254 178162 203203 190190 160160 221199 220210 260260 125121
p25_i2____, 225223 000000 247247 129121 140130 120116 198196 260250 170162 213205 190188 164164 219199 212210 254250 127113
p25_i3____, 235199 000000 251247 127113 132130 126118 196194 270254 162162 213203 192190 164160 221199 220210 276254 121113
p25_i4____, 221209 104104 255245 127117 152130 122118 200194 268250 162162 215207 192188 176164 221215 218212 254252 131119
p25_i5____, 235231 000000 251245 127125 134134 132120 200194 260258 172170 213205 188188 164164 221215 214210 254252 125121
p25_i6____, 235223 000000 261247 127115 140134 124120 200194 260246 170162 205205 188188 172164 211199 212210 252252 123121
p25_i7____, 235223 100100 261247 121119 130130 120108 200196 260258 188162 221213 188188 166164 247199 214212 254246 125113
p25_i8____, 241235 100100 251247 127117 132130 120116 194194 272258 162162 213213 188188 164162 225221 210210 254252 125119
pop
p32_i1____, 227209 000000 251247 127115 148140 124110 198196 272256 170162 000000 188188 166166 000000 000000 254250 000000
p32_i2____, 223221 106104 251237 121121 138138 128118 196188 254252 186162 211203 192190 162160 225213 218214 270250 151121
p32_i3____, 223221 104104 249247 115115 140136 118116 196194 266256 166162 213205 188188 168160 221217 210210 268254 135133
p32_i4____, 221221 000000 251235 121113 138132 118116 196196 266252 178162 211203 188188 170170 233223 210202 270252 125113
p32_i5____, 221221 000000 251235 121113 138132 118116 196196 266252 178162 231219 188188 166166 241229 220218 252252 137113
p32_i6____, 249223 000000 265245 133115 138136 124120 202198 256254 176162 219205 190188 194164 233227 212212 254254 127121
p32_i7____, 223221 106104 259245 117115 130124 118116 198194 266254 170162 205197 188188 176160 219215 216212 252250 121113
p32_i8____, 223221 000000 259249 117111 140136 134124 222198 268264 166162 213205 192190 166166 261211 212212 270258 131113
p32_i9____, 229203 104104 000000 121109 138138 126118 196194 260238 162162 205197 192188 168164 235225 210210 266252 137121
p32_i10___, 225221 100100 251249 121117 138138 124120 222196 268250 162162 207203 192188 166164 217201 220208 270252 137113
p32_i11___, 221219 000000 259235 119115 140132 128118 196194 256240 170162 219207 190188 170164 219213 220210 270250 113113
p32_i12___, 227225 106106 261247 133123 140140 122114 196196 268254 172162 197197 192190 156156 221219 212210 252252 121113
p32_i13___, 233229 000000 253235 117111 140140 128122 196194 270252 176162 217211 188188 166164 237223 220220 252252 113113
p32_i14___, 203201 122122 257245 123115 140138 128120 202200 252250 180178 215203 188188 160156 237229 216212 266254 125119
p32_i15___, 233221 000000 249235 125111 140140 128116 200194 276252 162162 221217 188188 166164 237219 220218 252252 129113
pop
p64_i1____, 225215 104104 257249 125125 148132 138116 198194 258250 000000 205205 194184 164164 219217 220212 000000 119113
p64_i2____, 231209 104104 245243 119111 140132 116106 196194 250244 000000 217205 190188 168166 231211 220218 000000 121113
p64_i3____, 223203 000000 000000 119115 146140 126124 000000 254250 162162 217205 190182 176164 237199 212212 000000 141113
p64_i4____, 223215 116100 000000 123115 142134 122120 000000 252252 162162 219211 188182 168160 211211 216212 000000 127113
p64_i5____, 221209 000000 235235 000000 154154 000000 000000 258254 000000 205205 190188 164160 211207 212202 000000 121113
pop
p56_i1____, 231203 104104 249237 131115 146132 114112 204198 264260 164162 211211 188188 160160 227211 222218 000000 125113
p56_i2____, 225203 104104 247237 111109 130130 118118 200196 258252 162162 227205 192186 166160 233201 214210 246246 131113
p56_i3____, 225219 100100 249237 115111 140140 118108 204198 266254 162162 211203 000000 176170 211207 222218 000000 127125
p56_i4____, 225209 106106 253239 111109 138138 120118 198194 260246 176170 209207 188176 172172 223211 218212 000000 119113
p56_i5____, 221203 106106 255251 117115 140140 122122 196194 260256 162162 217207 190190 170164 221203 220218 000000 121121
pop
p57_i1____, 209203 104104 249237 127119 140140 120120 198196 256240 186162 215209 188188 160156 217201 212212 246246 125113
p57_i2____, 231225 100100 253251 131111 142132 128118 198194 260244 182162 197197 188188 160160 219203 220218 000000 127119
p57_i3____, 225203 000000 000000 123117 148140 122120 000000 254248 162162 217209 188188 166164 229221 000000 000000 143125
p57_i4____, 225221 104104 247245 125121 146146 120118 202194 270266 184182 205205 190186 166160 241239 220218 000000 119113
p57_i5____, 221209 000000 249245 133125 146146 120118 198194 276270 182176 205197 192186 166156 239229 220212 250250 113113
p57_i6____, 229227 000000 265253 127119 136130 118116 200200 256244 170168 219207 188188 170168 223223 218212 252252 123113
p57_i7____, 225203 106106 247247 000000 138136 000000 000000 252252 000000 205205 188188 174160 231215 220214 262262 129113
p57_i8____, 221217 122122 000000 117113 130130 118116 000000 268262 162162 221211 190190 160160 227201 214212 000000 121113
p57_i9____, 229221 106106 253245 121119 138130 120108 200194 266252 000000 205205 188188 182170 225223 220218 000000 113113
p57_i10___, 231209 000000 000000 117115 140140 000000 000000 272260 000000 000000 188188 170164 235231 212212 000000 135121
p57_i11___, 231209 000000 261251 117115 140140 118114 198196 272260 000000 223215 188188 170164 235231 212212 000000 135121
p57_i12___, 229221 106106 000000 125117 136136 130108 000000 266256 000000 233211 192188 164160 217199 218218 000000 121113
p57_i13___, 233223 100100 000000 129129 140140 120116 000000 270252 162162 205197 194188 170170 000000 000000 250250 125125
p57_i14___, 221203 104100 000000 135115 140140 120110 000000 278254 162162 209207 188188 168160 219211 220218 260260 129121
p57_i15___, 221197 106100 000000 119115 140136 134110 000000 254254 000000 207197 188188 164160 219201 218214 254254 121113
p57_i16___, 229225 122104 247237 117115 132130 124118 200200 260248 188162 197197 190190 170166 233217 216212 258252 123113
p57_i17___, 229221 104104 255249 135121 140140 120118 196192 252250 168162 235203 190188 168160 231223 240212 254252 141113
p57_i18___, 229221 104104 259247 117111 142140 130116 196194 264254 184162 215213 190188 170166 223217 220212 262250 135119
pop
p58_i1____, 223221 000000 251237 123115 140124 118118 200200 254250 164162 221205 190190 174160 249205 218218 252252 135121
p58_i2____, 239225 132104 259247 121109 140122 120118 194194 266256 172168 221205 192192 160160 215211 218212 254252 125113
p58_i3____, 229225 104104 253253 127117 142140 130118 200196 268252 162162 221217 188188 168164 223217 220210 252252 125113
p58_i4____, 227225 106106 247235 129123 142140 124108 198196 260248 178162 205205 192190 170160 237229 220212 262262 121113
p58_i5____, 225221 000000 255245 113109 142138 122120 200194 252248 192170 217213 190188 174170 221211 216212 268252 125121
p58_i6____, 209203 000000 253253 131115 142138 130118 196194 260260 188162 207197 190188 170166 215201 220216 254252 133113
p58_i7____, 229223 118118 257237 119115 154146 118110 200198 252248 186162 215197 190188 176156 225221 214212 274258 121113
p58_i8____, 225221 102102 251247 119115 140140 128118 196194 256252 162162 205205 192188 174160 221213 222218 254254 135125
pop
p59_i1____, 237223 000000 237235 119109 140140 116116 200198 258252 170162 217205 192188 176162 223219 218212 254252 125113
p59_i2____, 221209 126126 259253 123109 140122 116110 196194 266258 162162 205203 194190 166160 217217 230220 254254 121113
p59_i3____, 229225 108104 261259 111109 140124 110110 200196 266254 176162 253197 188188 168164 217215 216212 258252 125113
p59_i4____, 231229 108108 253243 127117 132130 118118 196194 260254 162162 205197 192188 176170 221205 220212 254250 135125
p59_i5____, 225211 106106 253249 131123 148148 116114 202196 254252 180162 253197 190188 176160 237205 216212 252250 127113
pop
p60_i1____, 229221 108108 249247 121109 142142 118116 200200 256252 162162 217207 190188 168164 233205 218212 252252 121113
p60_i2____, 229223 000000 245237 125123 140140 120120 200194 254250 168162 217203 190188 176164 221201 220216 256252 147123
pop
p61_i1____, 227223 000000 251245 125113 142142 132116 196194 272264 162162 213211 190188 164156 219215 220218 258258 131113
p61_i2____, 229223 106106 247245 121121 142142 116116 198196 256254 170162 233219 192188 184164 233233 220212 252250 135113
pop
p62_i1____, 229223 106104 251245 127119 140132 116112 200196 270246 162162 229211 190188 178178 241215 218212 250250 129113
p62_i2____, 221209 120120 247245 121109 140140 124116 200200 256250 172162 247205 190188 176166 221217 218212 254252 127125
p62_i3____, 231203 000000 245243 129127 146146 120110 200198 252252 172162 215207 188188 178162 221215 216212 262252 119113
p62_i4____, 225223 106106 245245 123121 146132 122120 198198 272252 176162 209205 188188 160156 221215 212212 252250 125113
pop
p82_i1____, 221219 106106 257251 125117 142138 124108 200196 266250 166162 197197 190182 180164 241231 220212 254252 145119
p82_i2____, 231209 106106 251237 131123 132132 118114 200194 268260 170168 207205 192188 170166 219217 218214 254254 125123
p82_i3____, 223203 106106 255251 137115 152152 128120 204196 260256 186184 205205 188188 166166 229215 222202 254252 113113
p82_i4____, 223221 106106 259249 123123 130130 118106 202202 260260 174162 205205 188188 168162 213211 212212 260260 135113
p82_i5____, 221221 106106 253245 123123 140122 122116 196194 266266 176162 201197 192188 176168 215213 210210 260260 121113
p82_i6____, 227209 100100 253247 125117 142132 118108 198194 256244 186182 205205 192190 166160 225217 218210 248248 143113
p82_i7____, 225203 104104 249249 125123 142130 120110 198196 276246 176172 225197 190188 164162 231219 220202 254250 113113
p82_i8____, 227209 104104 257247 109109 140140 120116 200194 258258 162162 243219 192190 164162 223221 218216 258252 127113
p82_i9____, 225209 104104 253247 121109 140140 120120 198194 258246 170162 211201 192188 156156 223215 218202 256256 135113
p82_i10___, 225221 106106 251247 115113 140130 136120 194192 254250 162162 205197 188188 166164 237221 220210 252252 135125
p82_i11___, 223223 106106 253249 125117 140138 128108 202196 292254 162162 211207 192188 164160 223223 212202 264252 135113
pop
p55_i1____, 225223 104104 259255 123115 140140 122120 196194 254248 162162 247235 192192 176166 219219 218202 252252 121113
p55_i2____, 227225 104104 255249 115113 140140 122118 198196 254252 162162 245207 192188 166156 219217 218202 254252 121113
pop
p19_i1____, 229227 104104 259251 119113 146140 140124 200198 252250 168162 213205 188188 162162 233215 220212 252234 119113
p19_i2____, 227227 106106 243235 133123 138130 120118 194192 252250 162162 239209 190182 170170 237213 218218 254252 113113
p19_i3____, 223203 106106 000000 000000 148148 000000 000000 272258 162162 000000 192188 172168 000000 000000 000000 125121
p19_i4____, 211203 100100 255247 127125 148148 120118 200196 272252 162162 219205 188188 164164 217211 212210 254252 121113
p19_i5____, 209209 104104 000000 000000 140138 120118 000000 000000 000000 000000 190180 160160 000000 000000 000000 113113
p19_i6____, 221203 000000 255237 125115 140136 130120 198194 000000 162162 205205 194188 168164 221217 220212 252252 121113
p19_i7____, 227223 104104 249239 123119 148138 128108 198198 260254 170162 221197 192192 170156 223223 212212 252252 119113
p19_i8____, 247227 104104 243243 121107 148148 124108 198196 252248 162162 211205 192190 168156 255215 222212 252250 151113
p19_i9____, 223219 104104 251247 125121 140140 120118 196194 260258 184162 209205 192190 170164 241217 212210 270256 113113
p19_i10___, 229209 104104 251237 139123 140132 120120 196194 260252 162162 207197 190188 174162 221205 218210 252250 137113
p19_i11___, 225211 106106 237237 133115 138132 122116 196194 270258 174172 207205 188188 168160 233229 220210 250250 129113
pop
p79_i1____, 225211 104104 259237 125125 140140 126120 200196 270250 174172 211209 188188 170160 225201 212210 252252 125113
p79_i2____, 223223 110110 255249 123117 132132 130120 204196 254240 176162 209197 188188 180172 205205 218202 254254 123113
p79_i3____, 221203 122120 249249 125119 138138 120108 196196 262244 180162 221205 188188 168162 225201 218202 252250 121113
p79_i4____, 223209 000000 255251 125107 150140 120114 198194 260254 186162 205205 188188 170170 239209 218212 276252 113113
p79_i5____, 231211 106106 000000 000000 138132 134110 198194 254246 168166 221197 190188 174170 233215 218212 252250 135135
p79_i6____, 223203 106106 249245 111109 140138 120116 202196 274260 162162 209197 188188 164160 237213 216212 256252 129121
p79_i7____, 227225 000000 253249 129123 136136 126114 200196 272260 182162 211205 190188 168160 217205 212212 268256 133113
p79_i8____, 229229 104104 251245 133115 142136 126110 198194 256252 182168 221213 188188 170164 223215 220212 252252 113113
pop
p41_i1____, 237225 104104 243235 131119 138138 126118 200200 250238 176166 219219 190190 168160 227217 218218 258258 127127
p41_i2____, 223221 106106 255255 123123 164150 120108 194192 262254 178168 197197 192188 170170 231227 220218 254252 121113
p41_i3____, 227203 104104 251247 125113 140140 108108 198194 260256 180162 203197 188188 170164 233231 220212 254250 119113
p41_i4____, 231225 106104 255247 131117 130130 126110 196192 278262 162162 223211 190182 168164 243213 218212 252250 135113
p41_i5____, 225203 106106 259243 117115 146142 138136 198196 266252 162162 205197 188188 162160 237225 224218 254252 147145
p41_i6____, 209203 106106 247247 119109 142142 118114 000000 272252 170162 207205 188188 162160 231217 220216 254254 145113
p41_i7____, 227221 104104 245237 129117 140132 126116 198194 274258 176168 237205 188182 180164 243243 218212 254254 135113
p41_i8____, 223209 000000 247245 115113 150140 132120 200198 260254 162162 205197 190188 170160 233217 212212 252252 141119
p41_i9____, 225225 122122 251247 125115 138138 128116 202198 258254 168162 225213 190188 172164 225223 226220 252252 113113
p41_i10___, 235227 106106 000000 000000 138138 000000 000000 258254 162162 000000 192188 166164 000000 212212 000000 129119
p41_i11___, 203203 106106 249249 123115 156142 120104 000000 278240 162162 213205 188180 168164 217201 220202 252250 121113
p41_i12___, 231223 106106 245239 131125 148138 118116 198198 000000 162162 197197 188188 172156 219215 218212 252250 125113
p41_i13___, 227203 106106 253249 121119 140140 122108 000000 248246 168162 205197 188188 178174 219217 218210 252250 121113
pop
p37_i1____, 209203 106104 255253 121115 142138 120118 196194 274250 174170 207197 190190 168168 221201 218214 252252 139113
p37_i2____, 227203 104104 265243 000000 138130 118114 206194 268250 162162 217205 188180 168166 231201 220210 254252 135119
p37_i3____, 209209 100100 251237 121115 140132 120120 200198 250246 184162 211207 190190 166156 237219 222212 256252 137119
p37_i4____, 223223 100100 253247 119115 154140 118108 200194 252250 180176 219217 192190 166162 201201 218218 254252 113113
p37_i5____, 209203 106106 255245 113111 142142 130118 202194 254252 184172 213209 188188 174160 239203 220218 250250 131113
p37_i6____, 227223 106106 255253 131127 132130 114108 196194 268254 178162 203203 190190 164160 219217 220218 248248 113113
p37_i7____, 221209 000000 267253 119113 130130 124114 200198 258250 174172 211197 190188 166164 225211 216212 252252 113113
p37_i8____, 203203 106104 263257 127127 140132 142124 200194 250246 176168 211197 188182 166164 219201 260218 256256 123113
p37_i9____, 221209 104104 251249 115113 132130 118104 198198 258252 170168 207205 190188 176160 227217 212212 270252 131113
p37_i10___, 000000 000000 000000 000000 000000 000000 000000 000000 000000 219205 192192 168162 201201 218212 256252 129119
pop
p76_i1____, 233225 108104 251249 127113 140140 124120 198194 260240 162162 217207 188188 170168 215209 218218 254250 133115
p76_i2____, 229223 104104 249237 119111 138132 122120 200196 270258 176166 227217 188188 160156 217205 212202 256252 113113
p76_i3____, 225205 000000 245241 117115 140140 120116 198196 260246 170170 211205 188188 168164 237215 214214 252252 125123
p76_i4____, 225209 106106 267259 115115 140140 122118 200194 260246 186162 227217 188180 164156 231213 220218 254252 119113
p76_i5____, 221205 000000 259255 133123 140140 124122 200198 260254 168168 207205 188188 164164 225223 212212 254252 125121
p76_i6____, 203203 100100 263247 125109 160142 136118 194194 254244 170168 197197 190188 168164 217213 218212 254254 123119
p76_i7____, 225209 106106 255249 121113 140136 116114 198198 266252 182162 213207 190188 162162 221221 212212 252252 151113
p76_i8____, 000000 000000 251235 000000 000000 000000 204194 000000 000000 217213 188188 164164 227221 222212 272252 139129
p76_i9____, 221203 118118 257235 129123 136136 120116 196194 262252 178162 205205 190188 164162 217215 218212 254252 113113
p76_i10___, 225211 000000 263251 129127 140140 126118 200200 272258 180162 207207 190188 164160 217217 212212 254252 145119
p76_i11___, 225211 000000 263251 129127 140140 126118 200200 272258 180162 219203 188188 168166 219217 212202 246246 131113
p76_i12___, 233227 100100 237235 121119 138130 126124 212212 272254 180180 209207 188180 164162 225209 212210 256252 127121
p76_i13___, 000000 104104 000000 000000 000000 000000 198196 000000 000000 213207 188188 166162 233209 214202 254252 113113
p76_i14___, 225221 104104 239237 119111 142142 120118 200198 258240 178162 215211 192188 176160 221201 218212 254250 137113
p76_i15___, 209205 000000 259245 127109 142138 120112 198198 260240 176170 217211 188188 166164 243207 218214 254252 131119
pop
p86_i1____, 221209 104104 257243 125119 132132 140132 196192 252246 182168 209205 192188 166166 227219 212212 252252 129113
p86_i2____, 229203 106106 261257 119115 140138 126118 196196 254252 000000 201197 192188 166162 239219 220202 252252 123113
p86_i3____, 209209 106106 249245 000000 140140 120110 200194 252250 168164 217211 188188 170162 221221 214212 250244 139119
p86_i4____, 209203 106106 251247 115115 130130 140118 196194 254250 180162 225205 188188 162156 225223 218218 254252 113113
p86_i5____, 227227 106106 249245 109109 134134 118116 198194 274252 174168 217217 188188 168160 215199 220218 252252 113113
p86_i6____, 223213 106106 259253 121113 140140 142130 200198 250248 164162 227197 190188 174160 223215 214212 254252 119113
p86_i7____, 223211 106100 000000 125121 132132 120114 194194 266252 162160 207197 190186 174174 243229 220212 252252 125119
p86_i8____, 223211 106100 000000 125121 132132 120114 194194 266252 162160 211205 188188 164160 231221 218212 254250 127113
p86_i9____, 000000 104104 000000 000000 140140 000000 196194 000000 000000 205197 192188 170156 221211 224218 254252 121113
p86_i10___, 231203 104104 265239 113113 140140 126120 194194 254252 170162 205197 188188 168162 217215 218218 252252 113113
p86_i11___, 227223 106106 245237 119115 140134 130116 198198 270252 180168 219215 188188 168156 229199 220212 252252 113113
p86_i12___, 223221 106104 259255 123115 140140 132126 198194 252248 180180 213205 188180 176160 223209 218214 254252 129127
p86_i13___, 209203 106106 265247 115113 138138 120108 200194 260246 174162 213209 190188 174174 221219 214212 264252 129119
p86_i14___, 223209 116106 247243 119117 132132 138120 198194 250240 168162 215207 190188 164164 213213 218212 258254 127125
pop
p17_i1____, 221203 104104 257249 129117 140140 128116 204200 264252 180176 217197 188188 166166 225219 218212 256252 127113
p17_i2____, 227209 104104 263247 121115 136136 120116 200194 268246 176170 217201 192188 168160 235219 218212 256252 123123
p17_i3____, 203203 118106 253227 129113 140140 124122 202200 266260 162162 217217 190188 166166 241205 218212 254252 135123
p17_i4____, 219209 106104 263247 119109 142140 120116 200190 254246 168168 205205 188188 164156 219215 218212 260260 141121
p17_i5____, 227209 106106 243235 133119 148138 116116 198198 262252 176162 213213 192188 160160 205205 218212 250250 141139
p17_i6____, 209203 106106 257237 125117 146146 124116 200196 274260 168168 231205 188180 172164 231201 218212 252252 113113
p17_i7____, 221203 118104 261251 117115 140140 118116 198196 266244 168162 205205 192190 166160 217201 218212 254252 123113
p17_i8____, 223223 118106 253237 129113 130130 124118 200200 272252 168162 213213 190188 166160 245221 214212 254252 135113
p17_i9____, 209203 000000 259237 129117 146140 124116 198196 260252 180166 237197 192188 164164 219203 220212 246246 119113
p17_i10___, 209205 110106 259257 127119 132132 120110 200200 256252 180180 217197 190188 168166 201201 212212 272252 127119
p17_i11___, 227227 000000 263251 123115 138132 126122 202198 252244 178170 219199 190188 164160 235233 212210 254252 129113
p17_i12___, 223203 100100 255249 117115 138132 120120 198196 266258 180170 197197 188188 170164 217211 212212 256252 139113
p17_i13___, 223223 124124 253251 123113 150140 122116 196194 272256 170166 213197 190188 164160 213201 218214 246246 123113
p17_i14___, 227209 106104 255251 125109 140140 118118 194194 258254 168168 205205 190188 166164 217205 218218 256252 113113
p17_i15___, 225209 000000 277249 121119 132132 120116 200198 264258 180162 215215 188188 166162 235215 212212 254254 123113
pop
p13_i1____, 229209 106104 247235 121117 140140 120114 200196 260256 182162 205205 194188 168166 213205 218212 000000 121113
p13_i2____, 203203 104104 251251 123115 140138 124122 200196 266260 170168 227197 190188 166166 219219 216212 272254 127119
p13_i3____, 229209 106106 253247 000000 140140 126114 200196 254250 000000 000000 190188 164160 000000 000000 272252 117117
p13_i4____, 231209 116116 255251 125123 138138 128126 200200 258244 000000 217199 192188 170168 217205 212212 252252 123113
p13_i5____, 225209 106106 241235 131123 138138 120118 196196 252250 174166 197197 188188 156156 229219 218212 264250 119113
p13_i6____, 251235 100100 235235 129119 142130 116104 216198 268266 180170 231223 188188 162160 221207 210210 256256 123123
p13_i7____, 221203 104104 257247 125121 140138 128120 200192 258248 172162 235205 190188 166160 223205 214212 252250 113113
p13_i8____, 229209 106106 263237 125115 140140 126122 194194 250244 168162 215213 188180 160160 229209 220212 252250 113113
p13_i9____, 203203 000000 261247 119111 140140 122110 202194 254254 162162 215213 188188 168156 229221 220214 256254 125119
p13_i10___, 203203 104104 251247 121121 136136 124120 192192 278252 000000 217205 188182 170168 235201 240220 254252 125113
p13_i11___, 209203 106106 247237 119117 140140 126122 196192 262240 172162 205205 190180 166164 223205 242212 264252 125113
p13_i12___, 223209 104104 251247 125113 142140 126120 200198 284260 168162 221205 190188 168156 223201 218212 254250 121117
p13_i13___, 229203 104104 263253 125123 140140 122116 200196 260250 168168 205197 192188 170160 225225 218212 000000 113113
pop
p34_i1____, 209203 106104 249249 115115 134134 120116 196192 282250 168162 217197 192188 162160 223219 240222 254252 127113
p34_i2____, 225209 104104 249245 139121 136136 126110 202200 254248 162162 241203 188188 164164 235215 218212 254252 125113
p34_i3____, 227223 104104 253247 119113 134132 118118 196196 270252 186186 219197 188186 168162 223199 220216 260258 119113
p34_i4____, 221209 108108 255243 121111 000000 124118 198196 270252 188176 231211 192188 160160 215209 240218 252252 119113
pop
p35_i1____, 209209 104104 000000 127109 140138 126116 200196 254250 168162 221197 194186 178160 227205 212212 252252 123113
p35_i2____, 227203 108104 279247 129123 132132 124120 198196 254250 168162 197197 190180 166164 217201 224212 258252 129121
p35_i3____, 223203 104104 251245 125109 138138 146104 200200 258246 176158 213205 188188 162162 225215 218218 252252 131121
p35_i4____, 227203 104104 249245 123115 140140 128122 196196 274266 168162 213197 192186 156156 219219 218212 254250 113113
p35_i5____, 233223 000000 259249 127119 140140 124118 194192 270270 184176 207205 190188 160160 243201 212212 254252 123113
p35_i6____, 209203 108108 269249 115113 148132 130118 202198 268250 178176 255209 188188 166164 211211 224212 254254 125123
p35_i7____, 203203 108108 249247 121115 138132 130120 202198 252250 182176 265215 190188 166164 215211 224218 254254 125113
p35_i8____, 211203 104104 000000 000000 136136 120108 200196 258242 166162 213205 188188 162160 227219 216212 254252 113113
p35_i9____, 203203 000000 261245 125117 142142 114106 200196 258254 178162 213205 188188 166166 227215 218218 252252 121113
p35_i10___, 221203 104104 247237 123115 154154 126122 196192 254248 182170 205197 192190 168156 201201 218212 256254 131113
p35_i11___, 209203 000000 259251 127125 140140 124118 202198 260240 162162 205203 190188 166162 235201 240212 000000 137129
pop
p12_i1____, 203203 104104 257237 135115 000000 126114 198198 284264 168168 205197 192192 162162 223219 212212 256252 113113
p12_i2____, 221203 106106 249249 131125 140140 124116 198196 252240 176166 227225 188188 164164 215215 218212 250250 119113
p12_i3____, 209203 104104 273261 125125 140140 116116 200198 252252 168162 217217 188188 164164 231217 212212 254254 117113
p12_i4____, 203203 104104 251237 125125 142142 120118 204196 262254 000000 197197 192188 160156 225209 218212 254252 129113
p12_i5____, 223203 000000 255249 125119 132132 122114 196190 254252 162162 203201 192188 166162 223223 220220 254252 131113
p12_i6____, 209203 104104 259259 117115 138138 120114 198196 252250 000000 213197 194190 166164 219203 218212 254252 119119
p12_i7____, 221209 104104 251245 125119 138132 116104 196196 254240 170162 205205 192188 162162 227225 226210 252250 131129
p12_i8____, 209209 106106 261259 119119 138138 116114 202198 256254 176162 205205 194188 184166 225223 216212 254250 119119
p12_i9____, 203203 104104 263261 125111 132132 118114 198190 254250 170162 209197 194192 170164 223207 220212 252252 131113
p12_i10___, 221203 110110 261249 123115 132132 114114 194192 254252 180162 213197 194190 162160 219215 216212 252252 127113
p12_i11___, 229209 000000 255251 135125 144144 122118 198198 254250 168162 205197 188188 164156 219215 218212 256252 119113
p12_i12___, 223221 000000 275257 125119 132132 126114 200190 264256 162162 217217 192188 168162 215201 220212 254254 123117
p12_i13___, 223203 000000 261251 121111 142140 118116 196196 254254 176172 231213 194194 166166 215201 214212 252252 133113
p12_i14___, 225209 000000 255237 125109 132132 124120 196196 272252 178162 205197 188188 164164 211201 220218 262252 113113
pop
p45_i1____, 227225 104104 267247 125125 140140 126116 200194 250246 180158 207197 188188 166164 227221 240212 252252 123113
p45_i2____, 209203 108106 257249 123117 140138 124114 202196 272266 172162 205197 188186 160160 227225 216214 252252 127113
p45_i3____, 209209 104102 253245 115113 140140 132118 200192 260258 162158 213197 194188 182168 239219 218212 254252 119119
p45_i4____, 231223 000000 255237 125111 138132 132110 200196 264258 168162 213209 188188 160160 223217 226212 252252 119113
p45_i5____, 227209 106106 257255 125113 136136 130118 198192 256250 178162 213205 192190 168166 219201 212212 256252 127121
p45_i6____, 209203 106104 245243 145123 140132 122120 198196 260244 176162 205205 192188 176176 229215 212212 252246 127119
p45_i7____, 225203 116116 253245 123109 140128 128120 200194 252252 162162 219205 188186 164160 223209 218212 272252 129113
pop
p77_i1____, 209209 000000 253247 125119 140132 128120 198196 256252 180162 231197 188188 166164 225225 220216 254252 127119
p77_i2____, 223223 104104 269249 119109 132130 124118 200196 252250 174168 221217 190190 178162 219215 216216 264250 129113
p77_i3____, 223223 104104 261241 109109 142140 134124 200196 252252 168162 217197 188188 178160 215213 218212 252250 139119
p77_i4____, 227225 104104 259245 121113 150140 118116 198198 250242 162162 231207 190190 168160 217209 214202 252252 131131
pop
p10_i1____, 225223 000000 255249 131123 146140 130120 196196 254240 168162 221215 188188 166164 229215 220218 254254 113113
p10_i2____, 211209 104104 257251 115115 132132 120118 198196 252248 182162 217217 192188 160160 225205 220210 252252 113113
p10_i3____, 209203 104104 253247 125115 132132 130110 200196 254250 180168 219219 190188 162162 231219 220218 254250 127127
p10_i4____, 245223 106106 259247 121111 138138 122118 196196 268256 192176 207197 188188 166166 225223 224218 252246 119113
p10_i5____, 209209 000000 251243 129123 142140 118110 192192 258252 162162 227203 194192 160156 213205 240212 252252 141141
p10_i6____, 209203 104104 259253 119113 140140 118118 200196 254252 164162 205201 190186 178172 201201 224212 258258 135119
p10_i7____, 209209 106106 265253 127113 140140 118118 200196 252242 162162 217197 192188 184164 245219 218212 254252 127113
p10_i8____, 225203 104104 259251 131123 136136 122122 200196 250250 168162 207205 194188 166164 215201 218212 256256 113113
p10_i9____, 211209 104104 253251 131119 140140 120118 200196 254252 176162 205197 190186 172166 201201 212212 258258 135113
p10_i10___, 209209 104104 251251 129115 140140 118110 196192 252252 182162 227217 194192 164156 205205 240220 000000 141113
p10_i11___, 213209 106104 255247 129113 140140 124122 192192 254250 178162 205203 194186 176166 227205 240212 252250 141139
p10_i12___, 209209 104104 255251 119113 140140 122120 196192 254250 162162 203197 194190 172166 227201 240212 252250 141113
pop
p9_i1_____, 221203 106104 257255 127115 146138 122118 196192 260254 176162 217205 188188 176162 215215 218212 254252 121113
p9_i2_____, 203203 104104 000000 121119 140140 118114 196196 260248 162162 205197 188188 162160 211201 218218 254252 113113
p9_i3_____, 233203 106106 255255 119109 000000 122114 200196 250250 000000 227223 188188 164162 245209 216212 268268 113113
p9_i4_____, 221209 104104 259253 123119 136136 118118 200196 266252 162162 205205 194188 168160 241215 220212 268252 119113
p9_i5_____, 203203 104104 255255 129109 138138 136110 202192 266256 162162 213205 192186 168164 225215 218212 250250 123119
p9_i6_____, 233227 106106 255249 000000 000000 134118 194194 250250 000000 205197 194188 168168 219201 216212 000000 127113
p9_i7_____, 203203 104104 255247 129113 148138 136118 194192 280256 162162 211205 192188 164164 215211 216212 252252 121119
p9_i8_____, 225209 104100 255247 127123 140140 118104 194192 268258 180178 211197 194188 164160 219201 216212 250250 113113
p9_i9_____, 233233 104104 255249 119111 140140 118108 194192 266254 180168 205197 190188 164160 211201 216212 250250 127113
pop
p52_i1____, 211203 104100 251237 127117 140140 122120 198196 274250 168162 225197 194192 168162 221217 222218 252252 131127
p52_i2____, 229207 106106 249247 119111 140140 120116 198196 258254 170168 209205 194188 170168 225201 218214 252252 123123
