title
locus1, locus2, locus3, locus4, locus5, locus6, locus7, locus8, locus9, locus10, locus11, locus12, locus13, locus14, locus15, locus16
pop
p3_i1_____, 243237 100100 237235 111109 138130 122120 204200 258258 188162 211197 188180 170170 217211 216212 274250 121113
p3_i2_____, 239235 106106 239235 111111 140132 120118 218204 256252 188178 213203 188182 166166 217209 216212 274274 129113
p3_i3_____, 235227 102100 235235 117107 130130 118118 214212 258254 178170 215211 188186 170170 219211 222208 252252 133113
p3_i4_____, 239237 102100 235235 123107 140136 128118 204204 258244 190162 211197 188182 164160 211199 214212 268260 129113
p3_i5_____, 235235 000000 253235 133107 138132 126116 214206 258254 178162 213211 188180 170168 219217 222210 252250 121113
p3_i6_____, 229227 100100 235235 113111 138134 128118 212192 254244 170168 233197 180180 168160 217211 210210 254254 123121
p3_i7_____, 229215 000000 235235 109109 140132 118118 220206 268258 170170 209197 188180 166166 211211 210210 274260 121113
p3_i8_____, 237233 100100 255247 127109 138138 122122 210204 258256 178162 211209 194182 194170 209205 212212 260252 137113
p3_i9_____, 233233 100100 235235 115113 140138 120118 218214 260256 178166 211211 188188 164164 211203 216212 260260 123117
p3_i10____, 227227 100100 237235 121113 138138 124120 222200 266258 188186 211197 188182 170170 225199 216216 274256 113113
p3_i11____, 229227 106106 247247 109109 140130 128116 000000 258254 190182 211203 188180 160160 229199 212210 266252 125113
pop
p63_i1____, 235199 106102 245237 125117 136130 124118 218194 268256 166166 215205 188182 170170 217211 212212 258252 137127
p63_i2____, 229227 106106 249235 129113 138138 134116 212206 264244 174166 205205 192188 166166 219213 214212 262262 123113
p63_i3____, 227223 000000 235235 109109 138138 124104 212200 260260 178170 215197 188188 162156 223219 216210 260258 121113
p63_i4____, 227227 000000 235235 119111 140130 118104 206194 256244 166164 229201 188182 178158 231217 214212 262254 121113
p63_i5____, 227213 100100 237235 133119 130130 148126 210194 254244 170166 213197 188182 166158 257213 212210 258252 127113
p63_i6____, 227225 100100 247235 113111 138130 144116 234194 264264 168166 207205 188188 178168 223209 212210 262252 113113
pop
p38_i1____, 227227 100100 255235 119113 138132 120116 210206 260256 172166 247203 190182 170170 223211 000000 254254 113113
p38_i2____, 227227 100100 255235 119113 138132 120116 210206 260256 172166 201197 188188 168166 213209 212212 254254 113113
p38_i3____, 237227 000000 235235 117113 142140 122118 224194 260254 180166 213209 188186 168168 237225 218218 266266 121113
p38_i4____, 237231 102100 243237 127121 138136 140116 208204 268258 166162 247205 188188 168160 215213 212210 262250 137113
p38_i5____, 229227 100100 235235 121113 142136 132118 222204 260258 180166 247213 188188 162162 219213 212210 254250 113113
p38_i6____, 227223 000000 235235 119105 138132 126116 208194 260254 188170 219203 188182 166166 221213 218218 274274 131113
pop
p39_i1____, 233231 106106 235235 131113 136136 128126 220212 260240 178162 217211 192188 170170 221211 210210 262252 113113
p39_i2____, 227225 106106 245235 121117 138130 134118 218200 256250 180168 237211 182180 166160 235217 212210 282276 131121
p39_i3____, 199197 100100 263235 125125 140138 140116 224206 254254 186186 211201 188188 174166 225213 214212 258258 113113
p39_i4____, 243231 000000 241235 119113 138130 118104 220208 260256 170170 217213 192188 162160 223207 214212 286286 131113
p39_i5____, 243231 000000 241235 119113 138130 118104 220208 260256 170170 209205 188180 164164 243211 000000 256246 129129
p39_i6____, 233229 106106 235235 111109 136130 118118 204202 260260 168162 223211 188188 166166 221215 214212 258250 127123
p39_i7____, 000000 000000 000000 000000 000000 000000 220220 000000 000000 213209 188188 162160 229215 214212 254250 123113
p39_i8____, 233199 102102 235235 119117 140136 132132 210206 256244 174170 219209 192188 162162 211207 212212 286260 123121
p39_i9____, 227225 100100 235235 131115 140138 122118 214200 272268 174166 207205 192192 168162 223203 214210 252252 123113
p39_i10___, 235231 106106 257251 117117 140138 134124 200194 260252 180170 209205 192188 166166 221221 218210 260252 145113
p39_i11___, 243227 100100 235235 117109 140138 118116 214210 254250 194176 223219 188188 162162 217211 212210 258258 123113
p39_i12___, 227213 106106 239235 131119 138138 124116 000000 266254 168166 213205 188188 160160 225225 214210 256252 121113
p39_i13___, 229223 100100 235235 123117 138136 126108 214194 266256 168168 211211 190188 160160 227219 212210 254252 113113
p39_i14___, 000000 000000 000000 000000 000000 000000 000000 000000 000000 211205 182180 166166 225223 212210 268268 133123
p39_i15___, 229229 100100 241235 127121 150130 116116 204200 274256 192168 239199 188180 164164 229217 214212 252252 123113
pop
p44_i1____, 231199 000000 235235 133115 142128 122118 204204 266256 194172 213203 180180 170160 211209 214210 280252 137113
p44_i2____, 237235 108108 235235 135123 130128 000000 212206 270252 168166 203203 188180 170164 213211 210210 260260 113113
p44_i3____, 233227 000000 235235 131119 134130 118116 204200 256254 174168 215213 188180 168168 253231 212210 260252 123113
p44_i4____, 237235 000000 243239 125125 140130 130116 208206 260244 174168 207205 192188 168166 217215 000000 284254 125121
p44_i5____, 237227 000000 235235 123115 130128 136116 204200 256250 170166 225215 188182 166160 221221 214212 256250 125111
p44_i6____, 227227 100100 247237 119109 140140 118118 204200 270250 174166 215205 188188 166074 233221 214212 260258 113113
p44_i7____, 233231 100100 245235 131125 140132 116116 212200 256250 174160 215207 188188 166156 211205 000000 260260 119117
p44_i8____, 233231 100100 245235 000000 140132 116116 212200 256250 000000 213205 182180 180170 237219 000000 260252 129113
p44_i9____, 235227 100100 235235 121117 140132 116112 222220 272252 184166 215203 192182 168168 227211 214210 264254 133123
p44_i10___, 229227 000000 235235 115109 138138 116116 208208 266256 168168 213203 190188 168168 235227 212212 260252 139113
p44_i11___, 237229 100100 245235 113113 140138 126118 224222 254244 170166 211203 188180 164162 223211 212212 260252 129113
p44_i12___, 239227 000000 235235 123105 138130 118112 208206 264258 166164 205205 190190 166162 223213 000000 260250 127123
p44_i13___, 229223 104100 245235 121115 138130 118116 210200 258256 186168 207207 188188 170170 227213 214212 260260 123113
p44_i14___, 229227 100100 245243 125123 138130 118104 224206 266258 166162 207205 188180 170166 219217 212210 254252 125113
p44_i15___, 241223 106106 237235 125109 140140 120118 204204 260256 174168 203197 190188 174160 211209 212212 266260 121113
pop
p4_i1_____, 239237 100100 247239 121109 140130 126118 220218 266252 184180 203197 192190 168160 219215 214212 288254 121113
p4_i2_____, 241231 104100 237235 123119 138136 118104 194190 268266 178174 231209 196188 170164 233213 210210 260260 127113
p4_i3_____, 235231 104100 235235 123123 140132 132104 210204 278252 188166 253225 188180 170168 221219 212210 260256 123121
p4_i4_____, 235225 102100 253235 125113 140140 128122 204202 268254 170170 219203 188180 166162 227225 212210 266256 113113
p4_i5_____, 237225 100100 235235 133133 142142 116110 214210 258250 174166 217215 192188 164158 229225 210210 280266 133123
p4_i6_____, 231223 104100 235235 000000 140140 130104 204202 278266 178172 225215 188180 170166 227223 212210 258252 121121
p4_i7_____, 227225 106106 247235 123121 138136 000000 212204 270244 000000 225205 188180 166166 233213 214212 258254 127113
p4_i8_____, 243225 106100 253247 125115 146138 118102 222210 266264 184170 211197 188182 166160 229221 214210 260260 149135
p4_i9_____, 237223 106106 235235 123119 142138 116104 220206 266248 000000 203197 188182 166164 221215 000000 258252 149127
p4_i10____, 227223 106106 247245 127119 130130 118118 224208 268266 180170 213207 188180 166166 241225 214210 258258 125123
p4_i11____, 231227 102100 235235 109109 132132 134122 220204 256252 180178 207207 188188 162158 219211 000000 000000 129113
p4_i12____, 231227 102100 235235 125125 136130 132104 222222 256254 198170 207207 190180 162162 225213 214212 256254 123123
pop
p69_i1____, 227225 100100 235235 119109 138138 000000 214196 252250 178170 223197 190182 166166 217213 212212 254254 121121
p69_i2____, 233231 100100 235235 117113 140136 000000 222220 270252 178166 213209 188188 166160 219207 214210 262260 123113
p69_i3____, 227227 100100 237235 119107 142138 120120 218196 260260 188178 233215 188182 166158 221207 212212 260254 119117
p69_i4____, 229225 102100 235235 111109 142138 118116 218204 252250 170164 209209 192188 168168 241207 214212 264264 113113
p69_i5____, 231225 100100 245235 119117 142138 126118 218202 258256 182170 213213 188188 170166 237219 214212 258254 133121
p69_i6____, 227227 000000 245235 113111 138130 138118 200200 252244 186166 205205 188182 164158 211207 208208 278258 113113
p69_i7____, 233227 102100 235235 121109 138138 128128 204200 256250 182166 205205 196188 166164 225213 216214 260250 123121
p69_i8____, 233227 100100 247235 123113 142138 122104 204202 258256 000000 207203 188188 166166 227223 214210 288258 147113
p69_i9____, 227227 000000 235235 121105 140140 150116 220202 254252 176170 213207 188188 172166 211207 216210 000000 123113
p69_i10___, 233231 104100 235235 117109 140138 130118 218204 264256 000000 000000 192188 166166 000000 000000 276252 121113
p69_i11___, 227227 100100 239235 121113 140138 122116 220210 254254 176170 207197 188188 166166 219211 000000 258250 123113
p69_i12___, 231227 100100 245235 119115 138132 118118 220204 252246 172168 213213 190180 168166 237211 000000 262262 113113
p69_i13___, 233227 104104 245239 123119 140140 120120 200198 260248 172170 215205 196192 164158 247207 000000 250250 127121
p69_i14___, 243227 106106 235235 121119 138132 122118 230206 258254 172170 233207 190180 166164 217211 214210 258252 127121
p69_i15___, 233231 100100 235235 117113 136136 132118 222216 270258 170166 209197 188188 172160 209207 214210 260256 129123
