title
locus1, locus2, locus3, locus4, locus5, locus6, locus7, locus8, locus9
pop
p1_i1_____, 145 201 174 164 205 217 145 167 108
p1_i2_____, 145 201 174 163 205 217 145 166 107
p1_i3_____, 145 201 174 163 205 217 145 166 107
p1_i4_____, 145 201 174 163 205 217 145 166 107
p1_i5_____, 145 201 174 163 205 217 145 166 107
pop
p2_i1_____, 145 191 173 164 210 220 149 166 107
p2_i2_____, 145 192 173 164 210 220 149 166 107
p2_i3_____, 145 191 173 164 210 220 149 166 107
p2_i4_____, 145 191 173 164 210 220 149 166 107
p2_i5_____, 145 192 173 164 210 220 149 166 107
p2_i6_____, 145 192 173 164 210 220 149 166 107
p2_i7_____, 145 192 173 164 210 220 149 166 107
p2_i8_____, 145 192 173 164 210 220 149 166 107
p2_i9_____, 145 192 173 164 210 220 149 166 107
p2_i10____, 145 192 173 164 210 220 149 166 107
p2_i11____, 145 192 173 164 210 220 149 166 107
p2_i12____, 145 192 173 164 210 220 149 166 107
p2_i13____, 145 192 173 164 210 220 149 166 107
p2_i14____, 145 192 173 164 210 220 149 166 107
pop
p3_i1_____, 145 202 175 164 205 217 146 166 107
p3_i2_____, 145 202 175 164 205 217 146 166 107
p3_i3_____, 145 202 175 164 205 217 146 166 107
p3_i4_____, 145 202 175 164 205 217 146 166 107
p3_i5_____, 145 202 175 164 205 217 146 166 107
p3_i6_____, 145 202 175 164 205 217 146 166 107
p3_i7_____, 145 202 175 164 205 217 146 166 107
p3_i8_____, 145 202 175 164 205 217 146 166 107
p3_i9_____, 145 202 175 164 205 217 146 166 107
p3_i10____, 145 202 175 164 205 217 146 166 107
p3_i11____, 145 202 175 164 205 217 146 166 107
p3_i12____, 145 202 175 164 205 217 146 166 107
p3_i13____, 145 202 175 164 205 217 146 166 107
p3_i14____, 145 202 175 164 205 217 146 166 107
p3_i15____, 145 202 175 164 205 217 146 166 107
p3_i16____, 145 201 175 164 205 217 146 166 107
p3_i17____, 145 201 175 164 205 217 146 166 107
p3_i18____, 145 201 175 164 205 217 146 166 107
pop
p4_i1_____, 145 203 173 164 205 218 146 167 107
p4_i2_____, 145 203 173 164 205 218 146 167 107
p4_i3_____, 145 203 173 164 205 218 146 167 107
pop
p5_i1_____, 148 201 175 166 204 220 149 166 107
p5_i2_____, 148 201 175 166 204 220 149 166 107
p5_i3_____, 148 201 166 166 204 220 149 166 107
p5_i4_____, 148 201 175 166 204 220 149 166 107
p5_i5_____, 148 201 175 166 204 220 149 166 107
p5_i6_____, 148 201 175 166 204 220 149 166 107
pop
p6_i1_____, 148 200 173 166 204 220 150 167 107
p6_i2_____, 148 200 173 166 204 220 150 167 107
p6_i3_____, 148 200 173 166 205 220 150 167 107
pop
p7_i1_____, 148 201 173 166 204 220 149 167 107
p7_i2_____, 148 201 175 166 204 219 149 166 107
p7_i3_____, 148 193 173 167 211 222 152 166 108
p7_i4_____, 148 193 173 166 211 222 152 166 108
p7_i5_____, 148 193 173 166 211 222 152 166 108
p7_i6_____, 148 193 173 167 211 222 152 166 108
p7_i7_____, 148 201 175 166 204 219 149 166 107
p7_i8_____, 148 201 175 166 204 219 149 166 107
p7_i9_____, 148 201 175 166 204 219 149 166 107
p7_i10____, 148 201 175 166 204 219 149 166 107
p7_i11____, 148 201 175 166 204 219 149 166 107
p7_i12____, 148 201 175 166 204 219 149 166 107
p7_i13____, 148 201 175 166 204 219 149 166 107
p7_i14____, 148 201 175 166 204 219 149 166 107
p7_i15____, 148 188 173 166 211 219 152 166 107
p7_i16____, 148 201 175 166 204 219 149 166 107
p7_i17____, 148 201 175 166 204 219 149 166 107
p7_i18____, 148 201 175 166 204 219 149 166 108
p7_i19____, 148 201 175 166 204 219 149 166 107
p7_i20____, 148 189 173 166 211 220 152 166 107
pop
p8_i1_____, 145 201 175 164 206 218 146 167 107
p8_i2_____, 145 201 175 164 206 218 146 167 107
p8_i3_____, 145 201 175 164 206 218 146 167 107
p8_i4_____, 145 201 175 164 206 218 146 167 107
p8_i5_____, 145 201 175 163 206 218 146 167 107
p8_i6_____, 145 201 175 164 206 218 146 167 107
p8_i7_____, 145 201 175 163 205 217 146 166 107
p8_i8_____, 145 201 175 163 205 217 146 166 107
p8_i9_____, 145 201 175 163 205 217 146 166 107
pop
p9_i1_____, 145 201 175 164 205 217 146 166 107
p9_i2_____, 145 201 175 164 205 217 146 166 107
p9_i3_____, 145 201 175 164 205 217 146 166 107
p9_i4_____, 145 201 175 164 205 217 146 166 107
p9_i5_____, 145 201 175 164 205 217 146 166 107
p9_i6_____, 145 200 175 164 205 217 146 166 107
p9_i7_____, 145 201 175 164 205 218 146 166 107
p9_i8_____, 145 201 175 164 205 218 146 166 107
p9_i9_____, 145 201 175 164 205 217 146 166 107
p9_i10____, 145 201 175 164 205 217 146 166 107
p9_i11____, 145 201 175 164 205 217 146 166 107
pop
p10_i1____, 145 202 175 164 205 217 146 166 107
p10_i2____, 145 202 175 164 205 217 146 166 107
p10_i3____, 145 202 175 164 205 217 146 166 107
p10_i4____, 145 201 175 164 205 217 146 166 107
p10_i5____, 145 202 175 164 205 218 146 166 107
p10_i6____, 145 202 175 164 205 217 146 166 107
p10_i7____, 145 202 175 164 205 217 146 166 107
p10_i8____, 145 202 175 164 205 217 146 166 107
p10_i9____, 145 202 175 164 205 217 146 166 107
pop
p11_i1____, 145 201 176 164 205 218 146 166 107
p11_i2____, 145 201 175 164 205 217 146 166 107
p11_i3____, 145 201 175 164 205 218 146 166 107
p11_i4____, 145 201 175 164 205 218 146 166 107
p11_i5____, 145 201 175 164 205 218 146 166 107
p11_i6____, 145 201 175 164 205 218 146 166 107
pop
p12_i1____, 145 201 175 164 205 218 146 166 107
p12_i2____, 145 201 175 164 200 213 146 166 107
p12_i3____, 145 202 173 164 205 218 146 167 107
p12_i4____, 145 201 175 164 205 220 146 166 107
p12_i5____, 145 201 175 164 205 217 146 166 107
p12_i6____, 145 202 175 164 205 218 146 166 107
p12_i7____, 145 203 173 164 205 218 146 167 107
p12_i8____, 145 201 175 164 205 218 146 166 107
pop
p13_i1____, 145 201 175 164 205 217 146 166 107
p13_i2____, 145 200 175 164 205 217 146 166 107
p13_i3____, 145 201 175 164 205 218 146 166 107
p13_i4____, 140 200 175 164 205 218 146 166 107
p13_i5____, 140 201 175 164 205 218 146 166 107
p13_i6____, 140 201 175 164 205 218 146 166 107
p13_i7____, 140 201 175 164 205 218 146 166 107
p13_i8____, 145 201 175 164 205 217 146 166 107
pop
p14_i1____, 145 201 175 164 205 217 146 166 107
p14_i2____, 145 204 173 164 205 218 146 167 107
p14_i3____, 145 201 175 164 205 217 146 166 107
p14_i4____, 145 201 175 164 205 217 146 166 107
p14_i5____, 145 201 175 164 205 217 146 166 107
p14_i6____, 145 201 175 164 205 217 146 166 107
p14_i7____, 145 201 175 164 205 217 146 166 107
p14_i8____, 145 200 175 164 205 217 146 166 107
p14_i9____, 145 201 175 164 205 217 146 166 107
p14_i10___, 145 201 175 164 205 217 146 166 107
pop
p15_i1____, 145 203 173 164 205 218 146 167 107
p15_i2____, 145 203 175 164 205 217 146 166 107
p15_i3____, 145 203 173 164 205 218 146 167 107
p15_i4____, 145 203 173 164 205 218 146 167 107
p15_i5____, 145 203 174 164 195 202 146 167 107
p15_i6____, 145 203 173 164 205 218 146 167 107
p15_i7____, 145 203 173 164 205 218 146 167 107
p15_i8____, 145 192 173 164 205 218 148 167 107
p15_i9____, 145 203 173 164 205 218 146 167 107
