title
locus1, locus2, locus3, locus4, locus5, locus6, locus7, locus8, locus9, locus10, locus11, locus12
pop
p1_i1_____, 160160 207187 139139 159159 224216 141141 134125 125125 117117 109105 249245 005007
p1_i2_____, 160160 207207 139139 173159 224216 141126 134133 125125 117117 105105 249247 005009
p1_i3_____, 160154 205187 139139 159159 228226 128126 110110 125125 117117 109107 249245 005011
p1_i4_____, 160144 205191 139139 159159 226224 141126 134110 133125 117117 107105 249245 005010
p1_i5_____, 160154 191191 139139 159159 224224 141128 132125 125125 117117 109105 249245 007010
p1_i6_____, 160152 205187 139139 159159 228224 128126 110110 125125 117117 107107 249245 005007
p1_i7_____, 160150 209191 139139 159159 224224 141126 125125 133125 117117 109105 249245 001005
p1_i8_____, 160160 209187 139139 159159 226216 141126 132125 125125 117117 110105 247245 011022
p1_i9_____, 160144 191187 139139 159159 224224 141141 134125 133125 117117 107107 249249 005011
p1_i10____, 160144 191191 139139 159159 224224 126126 132125 133125 117117 110107 249249 007007
p1_i11____, 160152 209207 139139 159159 226216 141141 127125 133125 117117 109105 249249 003007
p1_i12____, 160152 207187 139139 159159 224216 141141 134125 125125 117117 105105 249249 003005
p1_i13____, 154152 207187 139139 159159 224224 128126 131110 133125 117117 107105 247245 007010
p1_i14____, 160160 205187 139139 159159 224224 141126 134125 125125 117117 107105 249245 010011
p1_i15____, 160150 191187 139139 159159 216216 126126 125125 133125 117117 105105 247245 001005
p1_i16____, 160160 207205 139139 159159 226224 128126 132125 125125 117117 110105 249247 011013
p1_i17____, 160150 191187 139139 159159 224224 141126 125125 125125 117117 109105 249247 005007
p1_i18____, 160160 207187 139139 159159 224224 126126 125125 133133 117117 109105 249247 007011
p1_i19____, 160152 209207 139139 159159 224224 141141 134125 133125 117117 105105 249247 001011
p1_i20____, 160150 191187 139139 159159 224216 126126 125125 133125 117117 105105 249247 005011
p1_i21____, 160144 203191 139139 159159 224216 141126 132110 133133 117117 107105 249245 003007
p1_i22____, 160154 205191 139139 159159 226224 126126 134125 133125 117117 105105 245245 001010
p1_i23____, 154152 191187 139139 159159 224224 126126 132110 133125 117117 107107 249245 002005
p1_i24____, 160150 207187 139139 159159 224224 141126 134125 133125 117117 109105 249247 007011
p1_i25____, 160152 207187 000000 173159 224216 141141 127125 125125 117117 105105 249249 003005
p1_i26____, 160154 207187 139139 159159 224224 141128 134110 125125 117117 105105 245245 005010
p1_i27____, 160152 209209 139139 159159 226224 141128 125125 125125 117117 105105 245245 001018
p1_i28____, 160152 207201 139139 000000 224224 120120 127110 147137 117117 111105 245245 010025
p1_i29____, 160160 209207 139139 159159 226216 141126 134125 133125 117117 109105 249249 007009
p1_i30____, 150144 209187 139139 159159 224216 141126 125125 125125 117117 107107 245245 002007
p1_i31____, 160152 209205 139139 159159 226224 128126 132125 133133 117117 109105 249245 007018
pop
p2_i1_____, 152144 207207 139139 159159 224216 128126 132132 133133 117117 105105 247247 016018
p2_i2_____, 160152 209187 139139 159159 224216 141128 132110 133125 117117 107105 251249 003008
p2_i3_____, 162162 207207 139139 159159 224218 141128 132110 133125 117117 109107 249245 012014
p2_i4_____, 160160 207187 139139 159159 226224 141126 131110 133133 117117 109105 245245 003005
p2_i5_____, 164150 207191 139139 171159 228228 128126 000000 125125 117117 109107 249249 004015
p2_i6_____, 164150 207207 139139 173159 224216 126126 132131 133125 117117 107105 249247 014022
p2_i7_____, 152152 207191 139139 159159 224224 141128 132125 133125 117117 107105 249245 012016
p2_i8_____, 150144 209203 139139 159159 226226 141128 132127 133125 117117 109109 249245 008011
p2_i9_____, 152150 191191 139139 159159 228224 128126 132110 125125 117117 107105 251247 001002
p2_i10____, 162160 207207 139139 159159 224224 126126 133132 125125 117117 109107 245245 002003
p2_i11____, 152144 207203 139139 159159 228228 128128 132123 125125 117117 107107 249247 003012
p2_i12____, 160150 209207 143139 159159 224224 141126 132132 125125 117117 109105 247245 003012
p2_i13____, 160152 207187 139139 159159 228226 141126 132123 133133 117117 107107 249247 001010
p2_i14____, 160144 207207 139139 171159 226226 141134 123110 133125 117117 107105 249245 014018
p2_i15____, 160160 209209 139139 159159 224216 141126 125110 133125 117117 110107 249247 008014
p2_i16____, 162154 207191 139139 159159 226216 175128 125110 125125 117117 109105 249249 005015
p2_i17____, 152144 207191 139139 159159 226224 143141 131110 133133 117117 109105 249245 002003
p2_i18____, 164160 209207 139139 159159 226224 149126 133110 133125 117117 107105 249245 001002
p2_i19____, 160160 205175 155139 171159 226216 132128 131130 139133 117117 110109 249247 020021
p2_i20____, 152152 207191 139139 159159 224224 173141 132112 133125 117117 107105 247247 001007
p2_i21____, 152152 209203 139139 159159 226224 134126 132132 125125 117117 107105 249245 002007
p2_i22____, 152152 203191 139139 159159 224216 173134 132132 133125 117117 105105 247245 001002
p2_i23____, 160152 207191 139139 159159 226224 141141 125110 125125 117117 107107 247245 008014
p2_i24____, 162160 211187 139139 159159 224216 141128 134123 133125 117117 107105 247245 003014
p2_i25____, 152150 207205 139139 171159 226226 128128 134131 125125 117117 109107 249249 005012
p2_i26____, 162152 207191 139139 159159 224224 141141 129125 133125 117117 105105 245245 001011
p2_i27____, 160160 207187 139139 000000 228224 128128 132123 125125 117117 105105 247245 008018
p2_i28____, 152150 207203 139139 159159 226216 128128 132110 133125 117117 110105 249247 010012
p2_i29____, 160144 191187 143139 159159 226224 141128 133132 125125 117117 109105 249247 001003
p2_i30____, 160144 205187 139139 171159 226224 141128 123121 139133 117117 110109 245245 015020
p2_i31____, 160144 207201 143139 159159 226216 141141 132125 125125 117117 109107 249245 008011
p2_i32____, 162152 209207 139139 159159 226224 143128 132110 133125 117117 105105 249247 013015
p2_i33____, 162150 211203 139139 159159 228228 141141 134132 125125 117117 107105 249245 005007
p2_i34____, 152144 207187 139139 159159 226216 134126 130123 133125 117117 107105 251249 002003
p2_i35____, 160152 207187 139139 171159 224224 141141 125123 125125 117117 107107 245245 006012
p2_i36____, 160160 000000 139139 159159 224216 126126 127110 125125 117117 107105 249245 009013
p2_i37____, 160152 207191 139139 159159 224224 141134 125125 133125 117117 107105 249249 006017
p2_i38____, 162144 209207 139139 159159 226226 128126 132132 133125 117117 109107 247247 014015
p2_i39____, 160152 187187 139139 171159 224224 128128 132125 125125 117117 109105 249245 002012
p2_i40____, 160152 191187 139139 159159 226216 126126 133127 133125 117117 107105 247245 008015
p2_i41____, 152144 209207 139139 159159 226226 128126 132110 125125 117117 109105 247247 001008
p2_i42____, 160152 209187 139139 159159 224224 128128 132123 125125 117117 107107 247247 012014
p2_i43____, 160152 203191 139139 159159 226216 128126 127125 133125 117117 107105 247245 009015
p2_i44____, 160152 207191 145139 159159 224218 126126 132110 125125 117117 107107 249247 007010
p2_i45____, 160152 191191 139139 159159 224218 128128 134132 147125 117117 109107 245245 009018
p2_i46____, 160152 209207 139139 159159 226224 134126 132131 125125 117117 107107 249245 001008
p2_i47____, 152152 209207 139139 159159 226216 128128 132125 125125 117117 109107 249249 014015
p2_i48____, 150150 207203 139139 183159 226226 128128 132125 125125 117117 109107 249249 006010
p2_i49____, 160144 203191 139139 159159 226224 126126 134125 125125 117117 107105 247245 007019
p2_i50____, 160150 211205 139139 159159 226224 128126 134127 133125 117117 109105 249245 005022
p2_i51____, 152144 207191 139139 159159 228224 141126 133125 133125 117117 105105 249245 001007
p2_i52____, 160150 207191 139139 159159 226224 141128 125110 125125 117117 109105 247247 009012
p2_i53____, 160144 207191 139139 000000 226216 128126 125125 125125 117117 109107 247247 014015
p2_i54____, 160152 209207 139139 159159 226216 134126 125110 125125 117117 107105 249249 003006
p2_i55____, 160152 209187 139139 159159 228216 128126 132123 147125 117117 109107 247247 006011
p2_i56____, 160144 211209 139139 159159 224224 141126 132125 125125 117117 107105 249245 003008
p2_i57____, 160152 211187 139139 159159 228226 141128 134125 125125 117117 105105 285245 005007
p2_i58____, 152150 211209 139139 159159 226216 134128 132110 125125 117117 107105 249249 004012
p2_i59____, 160152 209207 139139 159159 224224 141141 127123 133125 117117 109105 245245 003019
p2_i60____, 152150 209207 139139 159159 224216 128126 132132 125125 117117 109105 247247 008012
p2_i61____, 162160 207205 139139 159159 226224 141128 129110 125125 117117 105105 245245 005008
p2_i62____, 152144 209207 139139 159159 216216 141128 133132 133125 117117 107107 249247 012014
p2_i63____, 160150 207207 139139 159159 226224 128128 132131 147125 117117 107107 249245 008009
p2_i64____, 162144 207187 139139 173159 224224 141141 131123 125125 117117 107105 245245 001009
p2_i65____, 160144 207205 143139 159159 224224 128128 132127 133125 117117 107107 249245 003006
p2_i66____, 160150 207207 139139 159159 226224 128128 131110 125125 117117 109107 247247 003012
p2_i67____, 162144 207187 143139 159159 226226 141128 132123 133125 117117 109109 249247 005012
p2_i68____, 160152 207207 139139 159159 226226 141134 125110 125125 117117 109105 247245 002017
p2_i69____, 160150 209209 139139 159159 224224 141128 132132 125125 117117 110107 245245 009023
p2_i70____, 160144 209209 139139 159159 224224 126126 132132 125125 117117 107105 249245 002003
p2_i71____, 162160 209207 139139 159159 228216 128126 125125 133125 117117 107105 249245 007012
p2_i72____, 152144 209209 139139 173159 224216 126126 132110 125125 117117 107105 249245 003007
p2_i73____, 160158 209207 139139 159159 224216 141128 125110 133125 117117 107107 249247 007075
p2_i74____, 160160 209187 139139 159159 226224 126126 132110 133125 117117 109105 249247 003015
p2_i75____, 160144 209207 143139 173159 226224 126126 132131 125125 117117 107107 249245 003023
p2_i76____, 152150 207187 139139 159159 226224 126126 132131 125125 117117 109105 249247 000000
p2_i77____, 160152 211209 143139 159159 226216 143128 134127 133125 117117 107105 249247 009014
p2_i78____, 152150 209207 139139 183159 226224 141128 131130 125125 117117 107107 285247 003008
p2_i79____, 160152 205189 143139 159159 228226 141128 132131 133125 117117 107105 247247 006008
p2_i80____, 162160 209209 139139 173159 226216 141141 132127 125125 117117 109109 245245 005012
p2_i81____, 160158 209203 139139 159159 226226 128126 134127 133125 117117 107105 245245 002003
p2_i82____, 160144 209207 143139 173159 226224 126126 132131 125125 117117 107105 249245 003023
p2_i83____, 160144 209203 143139 159159 226224 126126 134132 125125 117117 107105 245245 003007
p2_i84____, 160154 209191 143139 159159 224224 128126 127110 125125 117117 105103 249245 008017
p2_i85____, 160160 209209 139139 183159 226224 141128 132110 125125 117117 109107 249245 003015
p2_i86____, 160152 207187 139139 159159 226216 128126 133123 133125 117117 107105 247245 001005
p2_i87____, 160152 209209 139139 159159 226226 141128 131123 125125 117117 107105 247245 003023
p2_i88____, 160144 209187 139139 159159 226224 126126 132125 133125 117117 109107 249247 001002
p2_i89____, 152144 209207 139139 159159 228228 149149 132132 133125 117117 105103 245245 002017
p2_i90____, 160158 209205 139139 159159 226226 126126 127125 133125 117117 109105 249245 002007
p2_i91____, 160152 211207 139139 159159 226226 128126 132110 133133 117117 105103 245245 008017
p2_i92____, 160150 191187 139139 173159 226216 134128 125125 133125 117117 109105 245245 007009
p2_i93____, 162160 207207 139139 173173 224216 128126 131110 133125 117117 107105 245245 001003
p2_i94____, 160144 209187 139139 159159 228226 126126 132125 133125 117117 109107 249247 001002
p2_i95____, 144144 203187 000000 159159 228226 126126 132132 125125 117117 107105 247245 001007
p2_i96____, 160152 207207 139139 159159 226226 126126 132131 125125 117117 110107 247245 011023
p2_i97____, 160144 207207 139139 159159 226216 134128 132110 125125 117117 110107 245245 003010
p2_i98____, 160152 209187 139139 159159 228224 126126 132125 125125 117117 105103 249247 007009
pop
p3_i1_____, 160160 205205 139139 171159 224216 120120 130110 151125 117117 109105 249245 021030
p3_i2_____, 160160 207205 167139 159159 226224 132128 134121 153125 117117 109103 247247 006021
p3_i3_____, 160152 207187 139139 175159 228224 128120 121110 147147 117117 109105 249245 018021
p3_i4_____, 168160 191187 139139 175171 224224 128120 127123 149125 117117 105105 245245 016026
p3_i5_____, 162146 207205 143139 173159 226216 151120 136134 125125 117117 109105 249245 033053
p3_i6_____, 160160 205187 139139 175171 224216 132128 132110 125125 117117 109103 249245 008020
p3_i7_____, 160160 211205 141139 175159 216216 149120 132132 153147 117117 105105 245245 017039
p3_i8_____, 160160 209187 139139 159159 216216 120120 136110 125125 119117 109107 249247 010038
p3_i9_____, 162160 211209 139139 175171 224216 132120 132132 147125 117117 105105 275245 006011
p3_i10____, 160160 221187 151143 173171 226216 128122 132132 125125 117117 110105 269245 017051
p3_i11____, 154152 211191 141139 171159 254216 151128 123110 147137 119113 109105 245245 003036
p3_i12____, 160154 207205 141139 175159 226216 143128 132121 125125 119115 105105 247245 011029
p3_i13____, 154152 209201 139139 175159 224224 120120 123119 153133 119117 109105 249245 018033
p3_i14____, 162160 211207 139139 175159 224216 151132 134121 147125 117117 105103 297249 011035
p3_i15____, 160154 207207 139139 171171 228216 120120 132125 133125 117117 103103 251245 030044
p3_i16____, 160160 205205 155139 175175 226216 151151 136136 147125 117117 111109 247241 008011
p3_i17____, 160152 211201 139139 175159 226224 141128 136121 133125 117117 105105 285251 036044
p3_i18____, 160160 209175 139139 175173 226216 120120 121121 147125 119117 109109 245245 003026
p3_i19____, 160152 207207 143141 181175 216216 143132 132121 137125 117117 120105 251245 006011
p3_i20____, 160160 209187 151139 171171 226216 120120 123121 153125 119117 105103 249245 003028
p3_i21____, 160160 211207 139139 175171 224216 151120 132110 133125 117117 109109 247245 003021
p3_i22____, 160154 209207 155139 175159 224216 128120 123121 153147 119117 109105 285269 003020
p3_i23____, 160152 207207 167141 175171 216216 151143 132110 153125 117117 110109 245245 006019
p3_i24____, 160152 209205 145139 159159 216216 151128 132121 125125 117117 109103 287247 014039
p3_i25____, 160152 211207 141139 175173 216216 151143 110110 153153 117117 110109 245245 006019
p3_i26____, 160160 207207 139139 175175 226224 151149 127123 135125 117117 109105 251251 008022
p3_i27____, 160152 205175 139139 175173 216216 141120 132121 147125 119117 109103 275247 033048
p3_i28____, 160152 207207 139139 173171 224216 128120 132121 147147 117117 109104 287251 003008
p3_i29____, 160160 175175 139139 185159 216216 151151 134112 125125 117117 109105 247245 017028
p3_i30____, 162160 215209 155139 000000 216216 126120 132121 137125 119117 105105 000000 040050
p3_i31____, 160148 211201 139139 175175 224216 143120 132132 147133 117117 109105 287247 007029
p3_i32____, 160160 209175 139139 175173 224224 126126 125112 147125 117113 105105 307249 017024
p3_i33____, 160160 201187 139139 185159 224224 120120 132132 147125 119119 105105 269251 008050
p3_i34____, 160152 211209 000000 175171 226216 151120 134110 153125 119117 109105 249245 003014
p3_i35____, 160160 209207 139139 175175 224216 151128 112112 147133 119117 109109 275269 006022
p3_i36____, 162160 219207 139139 183175 216216 130120 138132 137125 117113 109109 247245 029039
p3_i37____, 160160 207205 139139 185171 224216 151120 132121 125125 117117 109105 245245 002050
p3_i38____, 160160 205175 139139 175173 224216 151120 127121 153133 117113 109109 283245 007050
p3_i39____, 160160 207205 139139 175171 226216 128120 132132 137125 117117 109107 251249 003038
p3_i40____, 160160 201187 139139 185159 224216 132132 134132 125125 119117 110109 287251 008017
p3_i41____, 160152 211207 139139 173171 226216 120120 132121 153137 117117 105103 253247 033062
p3_i42____, 160160 207187 139139 175175 254224 120120 134132 137137 119117 105103 251245 001014
p3_i43____, 160160 211211 139139 175173 268224 143120 132132 147137 119119 103103 247245 033035
pop
p4_i1_____, 162160 207201 139139 181173 224216 132120 131125 125125 117117 109109 251247 002005
p4_i2_____, 162154 205205 139139 173159 226224 169120 134132 133133 119117 109105 251245 018035
p4_i3_____, 160160 209205 139139 175175 226216 132120 136110 133125 117117 109105 283245 006035
p4_i4_____, 160160 207207 139139 185181 224216 155126 110110 147125 117117 110110 245245 007015
p4_i5_____, 160152 205201 139139 171171 224216 151151 132123 147125 119117 109105 249245 041044
p4_i6_____, 160160 211191 155139 171171 216216 153132 134110 147147 117117 109104 251245 024031
p4_i7_____, 160160 207191 139139 175173 224216 153153 134112 147125 119117 110105 285245 033041
p4_i8_____, 160160 207207 155139 181171 236224 157126 110110 139139 117117 110109 245245 008015
p4_i9_____, 160146 205201 139139 171159 228228 141132 127125 151125 117117 105105 251247 037040
p4_i10____, 160160 205205 139139 173171 228228 141128 125121 155147 117117 111109 251245 011039
p4_i11____, 160160 209187 139139 173171 228224 120120 121112 147147 117117 109109 287285 016038
p4_i12____, 160152 207207 139139 173159 236228 132120 127108 147133 117117 111109 287249 039038
p4_i13____, 160152 207205 151139 185169 224224 143128 125123 135135 117117 109107 245245 016040
p4_i14____, 160160 207207 141139 181171 236224 157145 131125 147125 117117 109105 247247 008018
p4_i15____, 160154 201187 139139 173159 224216 145120 134132 147147 117117 109105 287245 029046
p4_i16____, 160140 207205 139139 175159 224216 151132 132125 125125 117117 109109 251247 014030
p4_i17____, 160160 207207 139139 185173 228216 132128 134121 135125 117117 105105 287247 008029
p4_i18____, 160160 207203 139139 171159 226224 145128 134121 147125 125117 105105 251245 018038
p4_i19____, 160154 201187 151139 171159 216216 132120 132132 133125 117117 109109 251251 002010
p4_i20____, 160154 207187 155141 173159 226226 128120 134132 147139 125117 107105 251251 022027
p4_i21____, 160154 211205 155139 169159 224224 153132 134132 125125 119117 109107 295245 013031
p4_i22____, 160160 211187 139139 185169 226216 145128 132131 125125 119117 109105 251247 006017
p4_i23____, 160152 211207 139139 185159 226216 128128 132131 127125 117117 109105 253251 018046
p4_i24____, 160160 201187 139139 173171 216216 128128 112110 151135 117117 111105 251249 036039
p4_i25____, 160154 203201 139139 173159 228224 155128 132131 125125 117117 109107 245245 011016
p4_i26____, 160160 211207 139139 185171 224216 134126 131127 151127 117117 109107 251249 010024
p4_i27____, 160160 211207 139139 175159 226224 151141 132111 147135 117117 111109 245245 008046
p4_i28____, 160154 211207 139139 171159 216216 157120 134132 125125 119117 109109 251245 022035
p4_i29____, 160152 201187 139139 173171 224224 132120 134134 141125 117117 109109 295285 021025
p4_i30____, 160160 187187 141139 173171 228216 145145 125112 125125 119117 109105 251251 006025
p4_i31____, 154154 211207 139139 181175 224216 157132 134125 125125 117117 109105 251251 037038
p4_i32____, 160152 207187 139139 173159 226216 145145 132125 147141 117117 109107 251251 014071
p4_i33____, 160152 207201 139139 181171 224224 157126 133125 125125 117117 109105 251245 000000
p4_i34____, 160160 211203 141139 173159 226226 155128 132132 147125 117117 109109 251245 002013
p4_i35____, 160152 207205 139139 173159 216216 132120 131108 151127 117117 105105 251251 015026
p4_i36____, 160160 207187 139139 181173 224216 145120 132131 151125 117117 107105 251251 024026
p4_i37____, 162152 205187 139139 181171 224224 128120 132112 153125 117117 109103 285245 003008
pop
p5_i1_____, 154152 209209 139139 173159 224216 167120 132121 147125 117117 111109 251245 005031
p5_i2_____, 154154 205205 155139 171171 224224 145126 121110 139135 117117 109105 251249 029044
p5_i3_____, 162160 209203 139139 171159 224224 157149 132121 147125 117117 105105 251245 011012
p5_i4_____, 160152 207201 155139 171159 224216 153141 130110 125125 117117 109105 251249 015037
p5_i5_____, 160160 207205 139139 159159 224216 159149 127125 147147 119117 109105 251247 012041
p5_i6_____, 160152 207191 139139 173173 226224 141126 000000 125125 117117 109105 251245 005041
p5_i7_____, 164160 205203 139139 173159 224216 128128 132110 147125 117117 105105 251247 036042
p5_i8_____, 166160 209203 139139 185159 224216 161120 130110 151125 117117 111105 247245 037044
p5_i9_____, 160152 207205 139139 171159 224224 161126 132121 139125 117117 109105 251249 011023
p5_i10____, 160152 209207 139139 185171 216216 126126 132121 149135 117117 105105 249245 010026
p5_i11____, 160154 207207 155139 171169 224216 151126 121110 151147 117117 109105 249245 023045
p5_i12____, 166160 209205 155139 175175 216216 159126 112112 135125 119117 109109 251249 022031
p5_i13____, 166160 207201 155139 171171 216216 151120 132132 125125 117117 109109 253251 031073
p5_i14____, 166152 207205 155139 175173 224224 159151 112110 139133 119117 109109 249249 031033
p5_i15____, 160160 205201 145139 173171 216216 126126 121121 125125 117117 105105 251251 029041
p5_i16____, 160160 211207 139139 159159 216216 151126 131121 149147 117117 105105 251247 016025
p5_i17____, 160160 213201 139139 175159 216216 126120 123121 147125 117117 109107 251245 024045
p5_i18____, 160160 207205 139139 175159 224224 157126 132123 149125 117117 109109 251251 010029
p5_i19____, 160160 207207 139139 173171 224224 159126 123121 147125 117117 105103 285247 010022
p5_i20____, 160152 207205 139139 183171 216216 155134 121121 147125 117117 107105 249249 018029
p5_i21____, 162162 211191 139139 173159 224224 000000 110110 133125 117117 107105 251249 005041
p5_i22____, 160152 211205 139139 183159 216216 143120 121110 125125 117117 109107 283245 028045
p5_i23____, 154152 213187 139139 185183 216214 147143 121121 151147 117117 109109 245245 020044
p5_i24____, 162154 207207 155139 173159 216216 126120 121110 151147 117117 109105 251245 018041
p5_i25____, 162154 201191 139139 185159 224224 141132 121110 125125 117117 105105 253245 020029
p5_i26____, 160152 209207 139139 185169 224216 143132 131110 151125 117117 109105 245245 003031
p5_i27____, 160154 207207 155139 183175 224224 143120 134127 149125 117117 105105 283245 006022
p5_i28____, 160154 205205 139139 175173 256224 132126 125121 147125 117117 107105 251251 003074
p5_i29____, 160160 207205 155139 173171 224216 153126 130121 147125 117117 109105 251245 003042
p5_i30____, 160160 205191 139139 173159 224216 145132 110110 151125 117117 109105 251245 024026
p5_i31____, 160154 203191 143139 171159 224216 141120 131121 147147 117117 105105 253251 012018
p5_i32____, 166160 209205 139139 173171 226224 159120 132131 147147 119117 109105 251249 003026
p5_i33____, 160154 211205 139139 169159 224216 141126 132129 151147 117117 109105 251251 011041
p5_i34____, 166162 205187 139139 171159 216216 126120 125121 151125 117117 105105 245245 003028
p5_i35____, 162152 207207 139139 173159 224214 141120 000000 147125 117117 109105 251245 009038
p5_i36____, 160160 207205 139139 171171 224214 143126 137131 125125 117117 105105 251251 020045
p5_i37____, 160152 207207 139139 159159 216214 159143 121121 151125 117117 109105 245245 016023
p5_i38____, 162162 209207 139139 171171 216216 143132 110110 125125 117117 105105 251245 017029
p5_i39____, 162154 207187 143139 175171 224222 126120 112110 151149 117117 109105 251249 022029
p5_i40____, 160160 209191 139139 173173 216214 141132 132110 151147 117117 109105 251245 018030
p5_i41____, 166160 209205 155139 175173 216216 159126 132112 135125 119117 109109 251249 022031
pop
p6_i1_____, 160152 205191 139139 171171 228224 151128 112110 147125 117117 109105 287245 008029
p6_i2_____, 160160 207205 139139 181171 224224 132120 112112 147125 117117 109105 249245 021029
p6_i3_____, 160160 207205 139139 171159 226226 141128 127112 125125 117117 109105 285245 018031
p6_i4_____, 160152 207205 139139 171159 224216 141132 130112 151139 117117 107105 249247 014017
p6_i5_____, 160154 207205 139139 159159 224224 141126 127121 125125 117117 109109 245245 019032
p6_i6_____, 160160 209207 139139 159159 224224 134120 132112 151125 117117 105105 247247 014021
p6_i7_____, 162160 187187 139139 173159 228216 149120 121121 147125 117117 105105 251245 011016
p6_i8_____, 160160 207205 139139 171159 224216 171132 121110 147125 117117 109109 251245 020048
p6_i9_____, 160160 207205 139139 175159 226224 143120 112110 125125 117117 109107 251247 016019
p6_i10____, 160154 207207 139139 181181 224224 169128 136132 151125 117117 109109 245245 011043
p6_i11____, 160160 205187 139139 173159 224224 141128 132132 151135 117117 109105 251249 011029
p6_i12____, 162160 207205 139139 173159 226224 126120 132112 147125 117117 107105 251247 016018
p6_i13____, 160152 207205 139139 173171 224224 132128 121112 151151 119117 107105 245245 016017
p6_i14____, 160154 205205 139139 175175 216216 128120 132131 125125 117117 109105 245245 003031
p6_i15____, 160152 207205 139139 159159 224224 141132 112110 147125 117117 109105 251249 018021
p6_i16____, 160160 205205 139139 181159 226216 132128 112110 147125 117117 105105 247245 014018
p6_i17____, 154152 207207 145139 159159 216216 132120 132132 147125 117117 109105 251245 007072
p6_i18____, 160160 205205 139139 159159 224216 143126 110110 147125 117117 109107 251251 025030
p6_i19____, 160154 207187 139139 171159 226224 132120 125110 151151 117117 109105 251245 014017
p6_i20____, 160160 207191 139139 159159 224224 132132 132121 147125 117117 109105 247245 002046
p6_i21____, 162160 207187 167139 175171 226224 126126 134121 125125 117117 105105 245245 016021
p6_i22____, 160160 207187 139139 159159 228224 134132 129121 151125 117117 109105 251245 002032
p6_i23____, 160160 205205 139139 159159 224216 132132 112110 125125 117117 109105 251245 011025
p6_i24____, 162152 207205 139139 173159 224224 143128 132121 147125 117117 109105 245245 012032
p6_i25____, 160160 000000 139139 159159 000000 132126 110110 147125 117117 107107 000000 016030
p6_i26____, 160152 209207 139139 173159 224216 128120 130110 147147 117117 105105 251249 016031
p6_i27____, 160154 205205 139139 171159 224224 128128 132112 147125 117117 109105 249245 038039
p6_i28____, 154152 217187 139139 173173 224216 147120 123121 151125 117117 109105 251249 011022
p6_i29____, 160154 209205 139139 159159 224224 128120 121112 147147 117117 109109 251245 020032
p6_i30____, 160160 207187 139139 173171 226224 167128 121110 125125 117117 105105 287245 025039
p6_i31____, 166160 205205 139139 173171 216216 128128 129121 133125 117117 109105 251245 022029
p6_i32____, 160154 207187 139139 181159 226216 167132 112110 151151 117117 105105 251245 008037
p6_i33____, 160160 207205 139139 159159 224224 132132 134127 125125 117117 109109 251245 001025
p6_i34____, 160160 207205 139139 173173 216216 167128 110110 125125 117117 109109 245245 020022
p6_i35____, 160160 207187 139139 173159 216216 128128 136110 147125 117117 109105 251245 007021
p6_i36____, 160160 209205 139139 175171 226224 167128 121121 147125 117117 109105 287275 008039
p6_i37____, 160160 211205 139139 173159 224224 169147 110110 147135 117117 109105 247247 011031
p6_i38____, 162154 205187 139139 171171 226224 143120 112110 151125 117117 109105 251251 007011
p6_i39____, 160160 211205 139139 171171 224216 167128 112112 151125 117117 109105 285245 024032
p6_i40____, 154152 209205 139139 181171 224224 132132 132112 151151 117117 109105 251247 017029
p6_i41____, 160154 209207 139139 173159 224216 132126 127112 151125 117117 109105 285251 030039
p6_i42____, 160154 207205 139139 171159 224224 167128 132131 147125 117117 105105 251251 012036
p6_i43____, 162160 207205 139139 173171 224216 167126 130112 151125 117117 105105 251249 022031
p6_i44____, 152152 207207 139139 171171 224224 132128 112110 151151 117117 105103 251251 009028
p6_i45____, 160152 187187 139139 173159 224224 141132 136121 125125 117117 109105 251245 017046
p6_i46____, 160152 207205 139139 173171 226224 141132 129121 151125 117117 109109 251247 018036
p6_i47____, 160160 187187 139139 171159 224224 167120 136132 151135 117117 109105 251251 001050
p6_i48____, 160154 207207 139139 175171 224224 128120 110110 125125 119117 109109 251251 003036
p6_i49____, 162152 211205 145139 173159 224224 132120 132131 125125 117117 109105 251245 021030
p6_i50____, 160160 209209 139139 175171 224224 167141 132127 151125 117117 109109 251245 038043
pop
p7_i1_____, 160160 207205 139139 159159 224224 126126 110110 125125 117117 109105 251245 038045
p7_i2_____, 160160 207205 139139 183181 224214 120120 132121 125125 117117 109109 253251 016034
p7_i3_____, 160152 209205 139139 173173 226224 132120 132112 147133 117117 109105 285251 002009
p7_i4_____, 160152 209187 139139 171159 222216 159120 110110 139147 117117 109109 253251 025026
p7_i5_____, 160152 217197 139139 185159 224224 120120 121110 139125 117117 109105 283247 012045
p7_i6_____, 160152 213189 139139 181159 224216 169120 127110 125125 117117 109109 275247 022034
p7_i7_____, 160160 211201 155139 175171 224224 155120 125110 125125 117117 109105 245245 001008
p7_i8_____, 160160 209205 139139 183171 224224 171126 110104 141125 117117 109109 253249 031067
p7_i9_____, 152146 207207 139139 181161 224224 163157 131121 133125 117117 109109 251245 009028
p7_i10____, 160160 207185 139139 175159 224224 126120 132132 133125 117117 109105 251251 010026
p7_i11____, 160160 211205 139139 175173 216216 128120 134134 153149 117117 109103 251249 014020
p7_i12____, 166160 209205 139139 183181 226214 126120 132110 147141 117117 109105 251247 005022
p7_i13____, 160154 209203 155139 175159 224224 145120 136110 137125 119117 109105 287251 007033
p7_i14____, 160160 205201 139139 175173 226216 151120 121112 133125 117117 109103 285251 007021
p7_i15____, 160150 201197 141139 183159 224224 143120 110110 125125 117117 109107 249245 003014
p7_i16____, 160160 209207 139139 183159 224224 132120 121110 125125 117117 109109 247245 024040
p7_i17____, 160152 207205 139139 175173 224224 132120 132132 135125 117117 109109 251249 011012
p7_i18____, 160160 213211 141139 175173 226224 167126 132110 125125 119117 109109 251247 011032
p7_i19____, 160152 209207 139139 175159 224216 132126 110110 133125 119117 109109 249245 009012
p7_i20____, 160160 211205 139139 171159 216216 132120 134121 147135 125117 109109 251245 003046
p7_i21____, 176154 207207 139139 169159 224224 132132 132110 125125 117117 109105 285245 011068
p7_i22____, 160154 211201 139139 173159 224216 132120 112110 141133 117113 111105 247245 028039
p7_i23____, 160152 209205 141139 183173 224216 155120 132121 155147 119117 109105 251249 031037
p7_i24____, 160152 211195 139139 159159 224216 145132 132110 133125 117117 109109 245245 001016
p7_i25____, 160160 209207 139139 159159 216216 120118 121110 147133 119117 109109 285249 034037
p7_i26____, 160154 211207 139139 175173 224222 128120 132121 149125 117117 109105 251249 002026
p7_i27____, 160154 207207 139139 173173 224224 120120 125110 125125 117117 109109 247245 031034
p7_i28____, 160160 209187 139139 171159 228226 132126 110110 151125 117117 109107 249247 022026
p7_i29____, 160154 207207 139139 183169 226224 145120 132110 147125 117117 109109 251245 003016
p7_i30____, 160160 201189 139139 171159 224224 132118 134121 125125 117117 109109 249245 011014
p7_i31____, 160152 209187 155139 181173 224216 132120 134132 139135 117117 105105 285247 011026
p7_i32____, 160160 207201 139139 173159 224216 155120 121112 147147 117117 109109 249245 011034
p7_i33____, 160160 213207 139139 159159 228226 132120 132112 147125 117117 111109 277245 008032
p7_i34____, 160160 211211 139139 169159 228224 145126 127121 147125 117117 109105 253251 003017
p7_i35____, 160160 187187 139139 181173 224216 132126 121110 151133 119117 117109 285251 011019
p7_i36____, 160160 207201 139139 173159 224216 132132 131127 151135 117117 105105 249247 012028
p7_i37____, 160152 201201 139139 175159 224216 126120 132123 147145 117117 109104 247245 001007
p7_i38____, 160146 207207 155145 173159 224214 161132 121112 135125 117117 109107 249245 002016
p7_i39____, 160154 211207 155139 171159 216216 132120 110106 125125 117117 110105 247245 069070
p7_i40____, 166160 207187 139139 173171 224224 157120 134121 133125 117117 109105 251245 010038
p7_i41____, 160160 205201 000000 171159 228222 120120 112110 125125 117117 109109 251245 000000
p7_i42____, 160154 207205 139139 173159 224224 132132 131110 147125 117117 109105 251251 016026
p7_i43____, 160160 209207 139139 173173 236228 159120 110106 125125 125117 109109 283245 001034
p7_i44____, 160154 209201 151139 175171 224224 132126 131121 125125 117117 109109 251245 019032
p7_i45____, 160146 205187 139139 173159 224216 126126 136131 141127 119117 109105 285251 011032
pop
p8_i1_____, 160160 205175 139139 175159 226224 120120 132115 147125 117117 109105 251251 016033
p8_i2_____, 160160 205175 139139 175159 224224 120120 132115 133125 117117 105105 251245 025030
p8_i3_____, 160160 207205 155139 175173 268216 153120 136112 125125 119117 103103 251245 024031
p8_i4_____, 160160 209207 139139 181171 224224 126120 134132 147125 117117 109105 000000 017030
p8_i5_____, 160160 207187 139139 175173 216216 120120 125112 137125 117117 109105 247247 021030
p8_i6_____, 160152 211207 139139 175175 224216 120120 121110 133125 119117 109103 245245 014017
p8_i7_____, 160160 211207 139139 175171 226224 151120 123121 147125 117117 105103 287253 025038
p8_i8_____, 160160 205175 139139 173159 224216 132120 127121 155133 117117 110109 249245 002008
p8_i9_____, 160160 209207 139139 171171 224224 151126 134132 133125 119117 109105 269245 020030
p8_i10____, 160160 205201 155155 175175 224216 126120 134123 149133 117117 109103 295251 001021
p8_i11____, 160160 205191 141139 175175 224216 132126 134123 135135 119119 110103 245245 018024
p8_i12____, 160160 209175 139139 175171 224224 120120 110110 147133 119117 103103 285251 001024
p8_i13____, 160160 209207 155139 175173 216216 153120 134110 137125 117117 107105 245245 022026
p8_i14____, 160160 209207 167139 173159 226224 128120 134134 155125 117117 105103 249249 007011
p8_i15____, 160160 207201 155139 175159 224216 151120 134112 147137 119117 109103 251247 007020
p8_i16____, 160160 207187 155139 175159 254214 126120 134125 147147 117113 109109 251249 003027
p8_i17____, 160160 209207 139139 173173 226216 151120 121110 147147 119117 105103 287245 003021
p8_i18____, 160152 207205 139139 171171 216216 128120 134110 125125 117117 105105 247241 002031
p8_i19____, 160160 207191 141139 175173 224216 132126 132121 125125 117117 109109 253249 001007
p8_i20____, 160160 205175 139139 175175 224216 143120 123110 139125 117117 105103 249247 049063
p8_i21____, 160160 187175 139139 173159 254216 120120 121121 137125 117117 109109 285269 033064
p8_i22____, 160154 207201 141139 175159 224224 151143 136134 147137 119117 109105 253253 032065
p8_i23____, 162160 207191 139139 175173 224216 120120 132129 133125 117117 105105 249245 024028
p8_i24____, 160160 207205 139139 173171 224216 149149 132110 149137 119117 105105 251245 008016
p8_i25____, 160160 207187 139139 173171 216216 120120 136110 133125 117117 109103 287253 031035
p8_i26____, 160154 207205 141139 175173 226226 128120 134134 125125 117117 105105 247247 029031
p8_i27____, 162160 207207 139139 173171 224216 143120 132112 125125 117117 109109 251249 007030
p8_i28____, 160160 209187 139139 171159 254216 151120 127123 147133 119117 109105 283245 020025
p8_i29____, 160160 207201 155139 171171 224216 120120 121121 125125 117117 109109 295245 030035
p8_i30____, 160154 211207 000000 171171 228224 120120 132127 137125 117117 109103 245245 031033
p8_i31____, 162160 213207 139139 175171 224224 151120 134131 125125 117117 105105 251247 021041
p8_i32____, 160160 211211 139139 171159 224216 120120 132123 153147 117117 109105 293245 002020
p8_i33____, 160160 211209 139139 173159 226216 128120 134110 147135 117117 105105 245245 017022
p8_i34____, 160160 207191 151139 173159 216216 143128 132110 149125 119117 109105 000000 017040
p8_i35____, 162160 207201 167139 175171 224224 120120 132110 125125 119119 109105 251245 007026
p8_i36____, 160160 207175 141139 175171 226224 126120 134131 147145 119119 109105 247245 016030
p8_i37____, 162160 205205 139139 171159 216216 120120 121110 137125 117117 103103 287247 014031
p8_i38____, 160160 209201 139139 159159 224216 120120 134127 147133 119117 111104 247245 008011
p8_i39____, 162160 207207 139139 175159 254216 120120 132132 153125 117117 105105 287247 026044
p8_i40____, 160160 205201 155139 175173 226216 143120 136134 153151 117117 108105 253251 018022
p8_i41____, 160154 209207 167139 175175 226216 120120 132132 147145 117117 109103 245245 007036
p8_i42____, 162154 209205 139139 171171 216214 120120 136110 125125 117117 109105 293287 008032
p8_i43____, 160160 209201 000000 175173 254216 151120 136132 147125 119113 109105 000000 029031
p8_i44____, 160160 211205 139139 175173 226226 132128 134125 149147 119117 109105 285285 011029
p8_i45____, 162160 207207 155139 175171 216214 128120 132110 125125 119117 111105 291287 011048
p8_i46____, 162160 207187 151139 173171 226216 120120 132121 155125 117117 109105 251251 001011
p8_i47____, 160152 207207 139139 171159 224216 143141 132127 125125 119117 109105 245245 027029
p8_i48____, 162152 207187 155139 171159 282216 120120 127121 137125 119119 103103 251247 006021
p8_i49____, 160154 207205 139139 171171 226216 120120 136134 125125 117117 105105 251251 029031
p8_i50____, 160160 201187 139139 175171 224214 153126 132132 133125 117117 109109 295241 021028
p8_i51____, 162160 207191 139139 173173 254226 120120 121110 125125 119117 105105 307283 007025
p8_i52____, 162160 209207 139139 185171 224216 126120 111110 137125 117117 109109 309245 017029
p8_i53____, 160160 209201 139139 175173 226216 126120 132111 133125 119117 109103 251247 015027
p8_i54____, 160152 209187 155141 171159 224216 155120 123112 147125 117117 109103 285245 002029
p8_i55____, 162160 209205 155151 173159 224216 120120 112110 149125 117117 105105 245245 044048
p8_i56____, 160160 207191 155139 175171 226216 151126 123110 133125 117117 109103 293245 036048
p8_i57____, 162160 209205 139139 175171 226216 151120 132110 147125 119117 109105 251251 030031
p8_i58____, 160160 211191 155139 175159 228216 120120 132110 133125 119117 109103 251245 018026
p8_i59____, 162160 213205 139139 171159 226216 132120 132123 147125 119119 110105 285245 019020
p8_i60____, 160160 211201 139139 175171 224224 120120 123111 153147 119117 110109 251245 017035
p8_i61____, 160160 205203 155139 171159 226216 151132 132110 147147 117117 109103 245245 021041
p8_i62____, 160160 207175 141139 175159 226224 153120 134121 125125 117117 110105 251249 001014
p8_i63____, 160160 209191 155139 171171 226224 128120 110110 133125 117117 109109 251251 007036
p8_i64____, 160160 209205 139139 175171 224216 120120 132123 125125 117117 109105 251245 011021
p8_i65____, 160152 209209 139139 175171 226216 120120 112110 147145 119117 105105 245241 022031
p8_i66____, 162160 207201 139139 171171 226216 132126 123121 133125 119117 111105 251249 007066
p8_i67____, 160160 211205 151139 175151 224216 151128 123110 149147 119117 109105 253251 033047
p8_i68____, 160160 209203 141139 175159 216216 147126 112111 147125 119117 105105 295245 006011
p8_i69____, 160160 207207 139139 171171 224216 141128 131112 133125 117117 109105 251245 012030
p8_i70____, 160160 209207 139139 171171 226216 153128 136121 000000 117117 109105 249247 020025
p8_i71____, 160160 211209 155139 173171 224216 151151 132110 153125 119117 109109 287249 007008
p8_i72____, 160160 211209 155139 171159 224216 153128 127110 133125 117113 105105 285247 006011
p8_i73____, 160160 205175 141139 159159 224216 120120 132131 137125 117117 105103 249245 011017
p8_i74____, 160160 209191 141139 173173 226226 151120 132110 125125 117117 109105 289245 017026
p8_i75____, 160160 211207 139139 175159 226216 126120 121111 133125 117113 109105 247245 006007
p8_i76____, 160160 209205 139139 173159 224216 151132 134132 133125 117117 105105 285249 003011
p8_i77____, 160160 209175 139139 175171 226224 153151 121110 147125 119117 109109 245245 022025
p8_i78____, 160160 209187 139139 173171 226224 151126 132132 137125 119119 109103 251245 017024
p8_i79____, 160160 207205 139139 171159 226216 120120 132110 147125 117117 105103 285249 014026
p8_i80____, 162160 211175 155139 175171 224216 120120 132110 125125 117117 109109 251245 020036
p8_i81____, 160160 209205 151139 175171 216216 126120 132110 147125 119117 110109 295245 003036
p8_i82____, 160160 211211 155139 175175 224216 143120 132112 153149 119117 109103 287247 011022
p8_i83____, 160160 213211 139139 175171 226224 141120 132123 125125 117117 109105 251251 006020
p8_i84____, 160152 209203 139139 175173 224224 132120 136110 147125 119117 105105 247245 008017
p8_i85____, 160160 205201 155139 175171 226216 120120 125110 153137 119117 105103 253245 017024
p8_i86____, 160160 207203 139139 173159 224216 151128 132110 125125 119117 109105 251251 036047
p8_i87____, 160152 201201 139139 173171 226216 153120 136134 147147 117117 109109 245245 008021
p8_i88____, 160160 211207 141139 185175 224216 126120 132125 135125 117117 109108 251245 014025
p8_i89____, 160152 209201 139139 159159 226224 153128 134123 153147 119117 109109 269245 021041
p8_i90____, 160160 205191 139139 171159 224224 149149 121121 153147 117117 105104 285245 008022
p8_i91____, 160160 207207 139139 159159 254226 151120 127125 153125 117117 109105 251245 011032
p8_i92____, 160160 209209 141139 175173 224224 149120 136132 147125 119117 109105 245245 008022
p8_i93____, 160160 207205 139139 175175 224216 128120 132110 125125 119117 105103 295251 020030
p8_i94____, 160160 205201 139139 175159 254224 149126 121110 149147 119117 105103 251245 011029
