title
locus1, locus2, locus3, locus4, locus5
pop
p1_i1_____, 007 008 005 007 006
p1_i2_____, 007 007 005 006 006
p1_i3_____, 007 007 005 006 006
pop
p2_i1_____, 007 004 005 006 006
p2_i2_____, 007 005 006 006 006
p2_i3_____, 006 009 005 007 006
p2_i4_____, 006 010 005 007 007
p2_i5_____, 007 009 005 007 006
p2_i6_____, 007 005 005 007 007
p2_i7_____, 006 008 005 008 007
p2_i8_____, 007 005 005 007 005
p2_i9_____, 007 009 006 008 006
p2_i10____, 006 008 005 006 006
pop
p3_i1_____, 007 008 004 006 007
p3_i2_____, 007 008 005 006 006
p3_i3_____, 007 009 005 006 006
p3_i4_____, 007 007 005 006 005
p3_i5_____, 007 008 004 006 005
p3_i6_____, 007 008 005 006 007
p3_i7_____, 007 007 005 006 007
p3_i8_____, 007 006 005 006 007
p3_i9_____, 007 008 005 006 007
p3_i10____, 007 008 005 006 005
p3_i11____, 007 007 004 006 007
p3_i12____, 007 007 005 006 006
p3_i13____, 007 007 005 006 006
p3_i14____, 007 008 005 006 007
p3_i15____, 007 007 005 006 006
p3_i16____, 007 008 005 006 005
p3_i17____, 007 007 005 006 007
p3_i18____, 007 008 005 006 006
p3_i19____, 007 008 005 006 007
p3_i20____, 007 007 005 006 006
pop
p4_i1_____, 007 008 005 006 005
p4_i2_____, 007 008 005 006 007
p4_i3_____, 007 008 004 006 006
p4_i4_____, 007 006 005 007 006
p4_i5_____, 007 008 004 006 006
p4_i6_____, 007 008 004 006 006
p4_i7_____, 007 007 005 007 006
p4_i8_____, 007 008 005 006 007
p4_i9_____, 007 008 005 006 006
p4_i10____, 007 008 004 006 006
p4_i11____, 007 007 005 006 006
p4_i12____, 007 008 004 006 006
p4_i13____, 007 007 005 006 006
p4_i14____, 007 008 004 006 006
p4_i15____, 007 007 005 007 006
p4_i16____, 007 008 004 006 006
p4_i17____, 007 008 004 006 006
p4_i18____, 007 008 005 006 007
p4_i19____, 007 006 005 007 006
p4_i20____, 007 008 004 006 006
p4_i21____, 007 008 005 006 007
p4_i22____, 007 008 005 006 006
p4_i23____, 007 007 005 007 006
p4_i24____, 007 008 005 006 006
pop
p5_i1_____, 007 009 005 006 007
p5_i2_____, 007 008 004 005 006
p5_i3_____, 007 007 005 007 006
p5_i4_____, 008 008 005 005 006
p5_i5_____, 007 008 005 006 007
p5_i6_____, 007 009 004 006 006
p5_i7_____, 008 008 004 006 007
p5_i8_____, 007 008 004 006 006
p5_i9_____, 004 009 005 006 007
p5_i10____, 008 008 005 005 006
pop
p6_i1_____, 005 004 007 005 005
p6_i2_____, 005 005 007 005 005
p6_i3_____, 007 006 007 005 005
p6_i4_____, 006 005 007 005 005
p6_i5_____, 005 006 007 005 006
p6_i6_____, 006 005 008 005 005
p6_i7_____, 005 005 007 005 005
p6_i8_____, 004 005 007 005 005
p6_i9_____, 005 005 007 005 006
p6_i10____, 005 005 007 005 005
pop
p7_i1_____, 008 008 005 006 006
p7_i2_____, 005 005 007 004 005
p7_i3_____, 005 005 006 005 005
p7_i4_____, 007 009 005 005 005
p7_i5_____, 008 007 007 005 005
p7_i6_____, 007 006 007 005 005
p7_i7_____, 007 008 004 007 006
p7_i8_____, 005 005 007 005 005
p7_i9_____, 005 005 007 005 006
p7_i10____, 005 005 007 005 005
p7_i11____, 005 005 007 006 005
p7_i12____, 007 005 007 005 005
p7_i13____, 005 005 007 006 006
p7_i14____, 006 006 007 004 005
p7_i15____, 005 005 007 005 005
p7_i16____, 007 008 005 006 006
p7_i17____, 008 008 004 006 006
pop
p8_i1_____, 007 008 005 006 005
p8_i2_____, 007 008 004 006 006
p8_i3_____, 007 009 005 006 006
p8_i4_____, 007 008 005 005 006
p8_i5_____, 007 008 005 006 006
p8_i6_____, 007 009 005 006 005
p8_i7_____, 007 007 004 007 006
p8_i8_____, 007 007 005 005 006
p8_i9_____, 007 007 005 006 005
p8_i10____, 007 009 004 006 006
p8_i11____, 007 009 004 006 006
p8_i12____, 007 008 005 006 006
p8_i13____, 007 007 005 006 005
p8_i14____, 007 008 005 006 006
p8_i15____, 007 007 005 006 006
p8_i16____, 007 007 005 006 006
p8_i17____, 007 007 005 006 005
p8_i18____, 007 007 005 005 006
p8_i19____, 007 007 005 005 005
p8_i20____, 007 007 005 006 005
p8_i21____, 007 007 005 006 005
p8_i22____, 007 007 005 006 005
pop
p9_i1_____, 007 008 005 006 006
p9_i2_____, 007 006 005 007 006
p9_i3_____, 007 008 004 006 005
p9_i4_____, 007 008 005 006 006
p9_i5_____, 007 008 005 006 006
p9_i6_____, 007 008 005 007 006
p9_i7_____, 007 008 005 006 006
p9_i8_____, 007 005 005 007 006
p9_i9_____, 006 008 005 007 006
p9_i10____, 007 007 004 006 005
p9_i11____, 007 008 005 006 006
p9_i12____, 007 007 005 006 006
p9_i13____, 007 007 005 007 006
p9_i14____, 006 007 005 007 006
p9_i15____, 006 007 004 006 005
p9_i16____, 007 008 005 007 006
p9_i17____, 007 008 005 006 006
p9_i18____, 007 006 005 006 006
p9_i19____, 007 006 005 006 007
pop
p10_i1____, 007 006 005 007 006
p10_i2____, 007 009 005 006 007
p10_i3____, 007 009 005 006 006
p10_i4____, 007 008 004 006 008
p10_i5____, 007 007 005 006 007
p10_i6____, 007 008 005 006 006
p10_i7____, 007 009 004 006 004
p10_i8____, 006 007 005 007 005
p10_i9____, 007 008 005 006 006
p10_i10___, 007 008 004 005 007
p10_i11___, 007 005 005 006 006
p10_i12___, 006 008 004 005 005
p10_i13___, 007 008 004 006 005
pop
p11_i1____, 007 008 005 006 007
p11_i2____, 007 009 005 005 007
p11_i3____, 007 007 005 007 006
p11_i4____, 007 008 005 007 006
p11_i5____, 007 008 005 006 006
p11_i6____, 008 008 004 006 006
p11_i7____, 007 008 005 006 006
p11_i8____, 007 008 005 006 007
pop
p12_i1____, 007 008 005 006 006
p12_i2____, 008 008 004 006 006
p12_i3____, 007 008 005 006 007
p12_i4____, 007 008 004 005 006
p12_i5____, 007 008 004 006 006
p12_i6____, 007 007 005 007 006
p12_i7____, 007 008 005 006 006
p12_i8____, 008 008 004 006 006
p12_i9____, 008 008 005 007 008
p12_i10___, 007 007 005 007 006
p12_i11___, 009 009 005 006 006
p12_i12___, 008 008 004 006 006
p12_i13___, 007 008 005 007 006
p12_i14___, 007 009 005 006 005
p12_i15___, 007 008 004 006 006
p12_i16___, 007 008 005 006 007
p12_i17___, 006 008 004 007 006
p12_i18___, 007 008 005 007 006
pop
p13_i1____, 007 008 005 006 006
p13_i2____, 007 007 005 006 007
p13_i3____, 008 008 004 006 006
p13_i4____, 007 007 005 006 005
p13_i5____, 008 008 004 006 007
p13_i6____, 007 007 005 007 007
p13_i7____, 007 007 005 006 005
p13_i8____, 007 008 005 006 006
p13_i9____, 007 007 004 006 006
pop
p14_i1____, 004 005 007 005 005
p14_i2____, 005 004 007 005 005
p14_i3____, 007 008 005 005 007
p14_i4____, 005 005 007 006 006
p14_i5____, 007 008 005 005 006
p14_i6____, 005 005 007 006 005
p14_i7____, 005 005 006 004 005
p14_i8____, 004 005 007 005 005
p14_i9____, 005 005 007 006 005
p14_i10___, 007 008 005 006 007
p14_i11___, 007 008 005 006 007
p14_i12___, 007 009 005 005 005
p14_i13___, 005 005 007 005 006
p14_i14___, 005 005 007 005 006
p14_i15___, 007 008 004 006 006
p14_i16___, 007 008 004 006 006
p14_i17___, 004 005 007 005 005
p14_i18___, 005 005 007 005 006
pop
p15_i1____, 007 006 005 007 006
p15_i2____, 008 009 005 007 007
p15_i3____, 007 007 005 007 006
p15_i4____, 008 008 005 006 008
p15_i5____, 007 006 005 007 006
p15_i6____, 008 007 005 006 007
p15_i7____, 008 009 005 006 006
p15_i8____, 007 008 005 006 006
p15_i9____, 007 008 004 006 006
p15_i10___, 007 007 005 007 006
p15_i11___, 007 007 005 007 006
p15_i12___, 007 008 005 006 007
p15_i13___, 007 007 005 007 006
p15_i14___, 007 008 005 006 006
pop
p16_i1____, 008 008 004 006 006
p16_i2____, 008 008 005 006 008
p16_i3____, 006 007 004 006 006
p16_i4____, 004 008 004 006 006
p16_i5____, 007 008 005 006 007
p16_i6____, 007 008 005 006 006
p16_i7____, 007 008 005 006 007
p16_i8____, 007 008 005 006 006
p16_i9____, 008 010 004 006 005
p16_i10___, 004 008 005 005 005
p16_i11___, 006 008 005 007 007
pop
p17_i1____, 007 008 005 006 005
p17_i2____, 008 009 005 006 007
p17_i3____, 007 008 005 006 005
p17_i4____, 007 008 005 006 007
p17_i5____, 008 008 005 006 006
p17_i6____, 007 008 004 007 006
p17_i7____, 007 007 005 007 006
p17_i8____, 007 008 004 007 006
p17_i9____, 007 008 005 006 007
p17_i10___, 008 009 005 006 007
p17_i11___, 008 009 005 006 007
pop
p18_i1____, 007 008 004 006 006
p18_i2____, 007 008 004 006 006
p18_i3____, 007 009 005 005 006
p18_i4____, 007 007 005 007 006
p18_i5____, 008 008 005 007 008
p18_i6____, 007 009 005 005 006
p18_i7____, 008 008 004 006 007
p18_i8____, 007 008 005 006 006
p18_i9____, 007 008 005 006 006
p18_i10___, 007 009 005 005 005
pop
p19_i1____, 007 008 005 006 006
p19_i2____, 007 008 005 006 006
p19_i3____, 007 008 005 006 006
p19_i4____, 006 008 005 006 007
p19_i5____, 008 008 005 006 006
p19_i6____, 008 008 005 006 005
p19_i7____, 008 008 005 006 006
p19_i8____, 008 008 005 006 005
p19_i9____, 006 008 004 006 005
p19_i10___, 007 008 005 006 005
p19_i11___, 007 008 005 006 005
p19_i12___, 007 008 005 006 006
p19_i13___, 007 008 005 006 006
p19_i14___, 007 008 005 006 006
p19_i15___, 007 008 004 007 006
p19_i16___, 007 008 005 006 005
p19_i17___, 007 008 005 006 005
p19_i18___, 007 008 005 006 006
p19_i19___, 007 008 005 006 006
p19_i20___, 006 008 005 006 005
p19_i21___, 004 008 004 006 006
p19_i22___, 007 008 005 006 006
p19_i23___, 007 008 005 006 006
p19_i24___, 007 008 005 006 006
pop
p20_i1____, 007 007 005 006 007
p20_i2____, 007 008 005 005 006
p20_i3____, 008 007 004 006 006
p20_i4____, 006 008 005 005 006
p20_i5____, 007 007 005 007 008
pop
p21_i1____, 004 007 005 006 006
p21_i2____, 006 010 006 005 007
p21_i3____, 007 009 005 007 005
p21_i4____, 007 004 005 006 006
p21_i5____, 006 008 005 008 006
p21_i6____, 007 008 005 006 006
p21_i7____, 007 008 005 007 006
p21_i8____, 007 005 005 007 007
p21_i9____, 007 004 005 006 006
p21_i10___, 007 008 005 006 006
p21_i11___, 007 008 005 007 006
p21_i12___, 007 008 005 006 006
pop
p22_i1____, 007 008 005 006 006
p22_i2____, 004 009 005 006 006
p22_i3____, 007 008 005 006 007
p22_i4____, 008 007 005 007 007
p22_i5____, 007 008 005 006 007
p22_i6____, 008 007 005 007 007
p22_i7____, 007 009 005 006 005
p22_i8____, 007 008 005 006 008
p22_i9____, 007 007 005 007 006
p22_i10___, 007 007 005 007 006
p22_i11___, 007 008 004 006 006
p22_i12___, 007 008 004 005 006
p22_i13___, 007 008 004 006 006
p22_i14___, 007 008 004 006 006
p22_i15___, 007 007 005 006 007
p22_i16___, 007 008 005 006 007
p22_i17___, 007 008 005 006 005
p22_i18___, 007 009 005 006 005
p22_i19___, 007 008 005 006 007
p22_i20___, 007 007 005 006 005
p22_i21___, 008 008 004 006 007
p22_i22___, 007 009 005 006 007
p22_i23___, 007 007 005 006 006
p22_i24___, 007 009 005 006 007
p22_i25___, 007 009 005 006 007
p22_i26___, 007 008 004 006 005
p22_i27___, 007 009 005 005 006
pop
p23_i1____, 008 007 004 007 005
p23_i2____, 007 008 005 006 007
p23_i3____, 007 007 005 006 006
p23_i4____, 007 008 005 006 006
p23_i5____, 007 008 005 006 006
p23_i6____, 007 009 005 006 005
p23_i7____, 007 008 005 006 006
p23_i8____, 007 009 005 006 007
p23_i9____, 008 008 005 007 006
p23_i10___, 007 007 005 007 006
p23_i11___, 007 008 004 006 006
p23_i12___, 007 007 005 007 006
p23_i13___, 007 007 004 007 006
pop
p24_i1____, 007 007 005 006 006
p24_i2____, 007 006 004 006 007
p24_i3____, 007 008 005 006 006
p24_i4____, 007 007 005 007 006
p24_i5____, 007 008 005 006 006
p24_i6____, 007 008 004 006 007
p24_i7____, 007 008 004 005 008
p24_i8____, 007 008 004 006 006
p24_i9____, 007 007 005 007 006
p24_i10___, 007 008 004 006 005
pop
p25_i1____, 007 007 005 007 006
p25_i2____, 007 008 005 006 007
p25_i3____, 007 007 005 007 006
p25_i4____, 007 009 005 006 007
p25_i5____, 007 008 005 006 006
p25_i6____, 007 008 004 006 008
p25_i7____, 007 008 004 006 006
p25_i8____, 007 007 004 007 006
p25_i9____, 007 008 004 006 006
p25_i10___, 007 007 005 007 007
p25_i11___, 007 008 005 007 006
p25_i12___, 007 009 005 006 007
p25_i13___, 007 008 005 007 006
p25_i14___, 005 005 007 006 005
p25_i15___, 007 008 005 007 006
pop
p26_i1____, 007 007 005 007 006
p26_i2____, 008 007 005 007 007
p26_i3____, 007 008 005 006 006
p26_i4____, 008 010 004 006 005
p26_i5____, 007 007 005 007 006
p26_i6____, 007 008 005 006 007
pop
p27_i1____, 007 008 005 006 007
p27_i2____, 008 008 005 005 006
p27_i3____, 007 008 004 006 006
p27_i4____, 007 009 005 006 005
p27_i5____, 007 008 005 006 007
p27_i6____, 007 008 005 006 007
p27_i7____, 007 007 005 007 006
p27_i8____, 008 008 005 005 006
p27_i9____, 007 008 004 006 005
pop
p28_i1____, 008 009 003 006 005
p28_i2____, 008 008 005 005 006
p28_i3____, 007 005 006 006 006
p28_i4____, 007 008 004 005 007
p28_i5____, 007 008 005 006 007
p28_i6____, 007 007 005 007 006
p28_i7____, 007 009 005 007 006
p28_i8____, 007 008 004 006 006
p28_i9____, 006 009 005 006 007
p28_i10___, 007 008 005 006 007
p28_i11___, 007 005 005 007 007
p28_i12___, 007 008 004 006 006
p28_i13___, 007 007 004 007 005
p28_i14___, 007 008 005 006 006
pop
p29_i1____, 007 008 004 006 006
p29_i2____, 007 008 005 006 006
p29_i3____, 007 008 005 006 006
p29_i4____, 007 007 005 007 007
p29_i5____, 007 007 005 007 006
p29_i6____, 007 008 005 006 005
p29_i7____, 008 008 004 006 006
p29_i8____, 007 007 005 007 006
p29_i9____, 007 007 005 007 006
p29_i10___, 006 007 005 007 006
pop
p30_i1____, 007 008 005 006 006
p30_i2____, 007 008 005 006 005
p30_i3____, 006 008 005 005 006
p30_i4____, 007 008 005 006 007
p30_i5____, 006 008 005 005 006
p30_i6____, 007 008 005 006 006
p30_i7____, 007 008 005 006 005
p30_i8____, 007 008 005 006 006
p30_i9____, 006 008 005 005 006
p30_i10___, 006 008 005 005 006
p30_i11___, 007 008 005 006 007
p30_i12___, 006 008 005 005 006
p30_i13___, 007 008 005 006 006
p30_i14___, 007 008 004 006 006
p30_i15___, 007 008 004 006 005
p30_i16___, 007 008 004 006 006
p30_i17___, 007 008 004 006 006
p30_i18___, 007 008 005 006 006
p30_i19___, 007 008 004 006 006
p30_i20___, 007 008 004 006 006
p30_i21___, 007 008 005 006 006
p30_i22___, 007 008 005 006 006
p30_i23___, 007 008 005 006 006
p30_i24___, 007 008 005 006 006
pop
p31_i1____, 007 007 005 006 006
p31_i2____, 007 008 005 006 007
p31_i3____, 007 008 005 006 007
p31_i4____, 007 007 005 007 006
p31_i5____, 007 007 005 007 006
p31_i6____, 007 007 005 007 006
p31_i7____, 007 007 005 007 006
p31_i8____, 007 009 005 006 006
p31_i9____, 007 008 005 006 007
p31_i10___, 007 009 005 006 006
p31_i11___, 007 008 005 006 007
p31_i12___, 007 008 005 006 006
p31_i13___, 007 008 005 006 006
p31_i14___, 007 007 005 006 006
p31_i15___, 007 008 005 005 008
p31_i16___, 006 006 005 006 006
p31_i17___, 007 008 005 006 006
p31_i18___, 007 008 004 006 006
p31_i19___, 008 007 004 007 006
p31_i20___, 007 006 004 006 007
p31_i21___, 007 007 005 007 006
p31_i22___, 008 008 004 006 007
p31_i23___, 007 007 005 007 006
pop
p32_i1____, 007 007 005 007 006
p32_i2____, 007 007 005 007 006
p32_i3____, 008 007 004 007 006
p32_i4____, 007 008 004 006 006
p32_i5____, 007 008 005 006 007
p32_i6____, 007 008 005 006 007
p32_i7____, 007 007 005 007 006
p32_i8____, 007 008 005 006 006
p32_i9____, 008 008 005 005 006
p32_i10___, 007 008 004 006 005
p32_i11___, 007 007 005 007 006
p32_i12___, 007 007 005 007 006
p32_i13___, 007 007 005 006 006
p32_i14___, 007 007 005 006 006
p32_i15___, 007 008 005 006 006
p32_i16___, 007 009 005 005 006
p32_i17___, 007 007 005 006 006
p32_i18___, 007 007 005 006 006
p32_i19___, 008 008 005 005 006
p32_i20___, 008 008 005 005 006
pop
p33_i1____, 007 008 005 006 005
p33_i2____, 008 008 004 006 006
p33_i3____, 004 009 005 006 007
pop
p34_i1____, 007 007 005 006 006
p34_i2____, 007 007 006 006 006
p34_i3____, 007 008 005 006 007
p34_i4____, 007 007 005 007 006
p34_i5____, 007 007 005 007 006
p34_i6____, 007 008 005 006 007
p34_i7____, 007 008 005 007 006
p34_i8____, 008 010 004 006 005
p34_i9____, 008 008 004 006 007
p34_i10___, 007 007 005 006 006
p34_i11___, 007 008 005 006 007
p34_i12___, 007 008 005 006 006
p34_i13___, 007 008 005 006 007
p34_i14___, 007 007 005 007 006
p34_i15___, 007 009 005 006 007
p34_i16___, 007 007 005 006 006
p34_i17___, 006 009 005 006 006
p34_i18___, 007 008 005 006 006
p34_i19___, 007 008 005 006 006
p34_i20___, 007 007 005 007 006
pop
p35_i1____, 008 010 004 006 005
p35_i2____, 007 008 004 005 006
p35_i3____, 007 008 005 006 007
p35_i4____, 007 008 005 006 006
p35_i5____, 008 008 004 006 007
p35_i6____, 007 008 004 006 005
pop
p36_i1____, 007 007 005 007 005
p36_i2____, 008 009 004 006 005
p36_i3____, 007 007 005 007 006
p36_i4____, 006 008 004 005 006
p36_i5____, 007 007 005 006 007
p36_i6____, 007 007 005 006 008
p36_i7____, 004 008 005 006 007
p36_i8____, 007 006 005 007 006
pop
p37_i1____, 007 007 005 006 006
p37_i2____, 007 007 005 006 006
p37_i3____, 007 007 005 007 005
p37_i4____, 007 007 004 006 006
p37_i5____, 007 008 005 006 006
p37_i6____, 007 008 005 006 006
p37_i7____, 007 008 005 006 008
p37_i8____, 007 008 004 006 006
p37_i9____, 007 007 005 006 006
p37_i10___, 007 008 004 005 006
p37_i11___, 006 007 005 006 006
pop
p38_i1____, 007 008 004 006 006
p38_i2____, 007 008 004 006 006
p38_i3____, 007 008 004 006 006
p38_i4____, 007 008 005 006 006
p38_i5____, 007 008 004 006 006
p38_i6____, 007 008 005 006 007
p38_i7____, 007 006 005 007 007
p38_i8____, 007 006 005 007 006
pop
p39_i1____, 007 009 005 006 007
p39_i2____, 007 007 005 006 005
p39_i3____, 007 010 005 006 005
p39_i4____, 007 008 005 006 006
p39_i5____, 007 008 005 007 006
p39_i6____, 007 008 005 006 005
p39_i7____, 007 004 005 007 006
p39_i8____, 007 008 005 007 007
p39_i9____, 007 005 005 007 006
p39_i10___, 007 008 005 006 006
p39_i11___, 007 006 005 007 006
p39_i12___, 007 008 005 005 007
p39_i13___, 007 007 005 007 006
p39_i14___, 007 007 005 006 006
pop
p40_i1____, 006 009 005 007 006
p40_i2____, 006 008 005 007 006
p40_i3____, 008 008 005 006 005
p40_i4____, 006 009 005 007 006
p40_i5____, 007 005 006 007 006
p40_i6____, 007 008 005 006 005
p40_i7____, 006 010 005 005 007
p40_i8____, 007 008 004 006 005
p40_i9____, 008 008 005 005 007
p40_i10___, 008 010 004 006 007
p40_i11___, 008 008 004 006 007
p40_i12___, 007 003 005 006 007
p40_i13___, 007 008 004 006 005
p40_i14___, 007 008 004 006 005
p40_i15___, 007 004 005 006 006
p40_i16___, 008 008 004 006 007
p40_i17___, 007 008 005 006 005
p40_i18___, 007 007 006 006 006
p40_i19___, 006 008 004 007 006
p40_i20___, 008 009 004 006 007
pop
p41_i1____, 007 005 005 006 007
p41_i2____, 007 008 005 006 005
p41_i3____, 007 009 005 006 007
p41_i4____, 007 008 005 006 007
p41_i5____, 007 008 005 006 006
p41_i6____, 007 008 005 006 006
pop
p42_i1____, 007 008 004 006 006
p42_i2____, 007 007 005 007 006
p42_i3____, 007 008 004 006 005
p42_i4____, 007 007 005 007 006
p42_i5____, 007 007 005 006 005
p42_i6____, 007 007 005 007 005
p42_i7____, 007 007 005 007 006
p42_i8____, 007 008 005 007 006
p42_i9____, 008 008 004 006 006
pop
p43_i1____, 007 008 005 007 006
p43_i2____, 007 009 005 006 007
p43_i3____, 007 008 004 006 006
p43_i4____, 007 008 004 006 006
p43_i5____, 007 008 004 007 006
p43_i6____, 005 005 006 005 005
p43_i7____, 007 008 005 006 006
p43_i8____, 007 007 005 007 006
p43_i9____, 007 008 005 006 005
p43_i10___, 007 008 004 006 005
p43_i11___, 006 005 007 005 005
pop
p44_i1____, 006 008 005 006 006
p44_i2____, 006 010 006 006 007
p44_i3____, 007 006 004 006 006
p44_i4____, 007 007 005 006 007
p44_i5____, 008 008 005 006 006
p44_i6____, 007 007 005 006 006
p44_i7____, 009 006 005 006 007
p44_i8____, 007 007 005 005 007
p44_i9____, 008 008 005 006 006
p44_i10___, 007 006 005 006 007
p44_i11___, 007 007 005 005 006
p44_i12___, 007 006 005 006 006
p44_i13___, 007 007 005 006 006
p44_i14___, 007 007 005 006 006
p44_i15___, 007 007 004 007 006
p44_i16___, 007 007 005 006 006
p44_i17___, 007 006 005 006 005
p44_i18___, 007 008 005 006 006
p44_i19___, 006 007 005 006 005
p44_i20___, 007 007 005 006 006
p44_i21___, 008 009 006 006 007
p44_i22___, 007 006 005 007 006
p44_i23___, 007 007 005 006 006
pop
p45_i1____, 007 008 004 006 005
p45_i2____, 007 007 005 007 006
p45_i3____, 007 008 005 006 006
p45_i4____, 007 008 004 006 006
p45_i5____, 007 008 004 006 005
p45_i6____, 007 008 004 005 007
p45_i7____, 007 008 004 005 007
pop
p46_i1____, 005 003 007 005 005
p46_i2____, 006 005 007 005 006
p46_i3____, 005 005 006 005 005
p46_i4____, 006 006 007 005 005
p46_i5____, 004 005 007 005 005
p46_i6____, 006 006 006 005 005
p46_i7____, 013 005 007 005 005
p46_i8____, 006 005 008 005 005
p46_i9____, 005 005 007 005 005
p46_i10___, 006 006 006 005 005
pop
p47_i1____, 007 008 005 007 007
p47_i2____, 007 008 004 006 005
p47_i3____, 007 008 005 007 006
p47_i4____, 007 008 005 007 006
p47_i5____, 008 008 005 005 005
p47_i6____, 007 009 005 007 005
p47_i7____, 007 008 004 006 005
p47_i8____, 008 008 005 006 006
p47_i9____, 007 009 005 007 005
p47_i10___, 007 008 005 006 005
p47_i11___, 007 009 005 007 005
p47_i12___, 007 008 004 007 005
p47_i13___, 007 009 005 007 005
p47_i14___, 004 009 005 006 006
p47_i15___, 008 008 005 005 006
p47_i16___, 007 005 006 006 006
p47_i17___, 008 008 004 006 007
p47_i18___, 008 008 005 006 007
p47_i19___, 007 009 005 006 006
p47_i20___, 007 009 005 007 005
pop
p48_i1____, 007 008 005 006 005
p48_i2____, 007 009 005 005 005
p48_i3____, 007 006 005 006 005
p48_i4____, 007 007 005 007 006
p48_i5____, 007 008 005 006 006
p48_i6____, 008 008 004 006 007
p48_i7____, 007 007 005 007 006
pop
p49_i1____, 007 008 005 006 006
p49_i2____, 008 008 005 006 008
p49_i3____, 007 008 004 006 008
p49_i4____, 007 008 005 006 007
p49_i5____, 007 007 005 007 006
pop
p50_i1____, 007 008 004 006 007
p50_i2____, 006 004 005 006 006
p50_i3____, 006 008 005 006 006
p50_i4____, 005 009 005 005 007
p50_i5____, 007 008 005 005 006
pop
p51_i1____, 008 006 005 007 006
p51_i2____, 007 007 005 006 006
p51_i3____, 007 005 005 007 005
p51_i4____, 008 007 005 006 006
p51_i5____, 007 008 005 006 006
p51_i6____, 007 007 005 007 006
p51_i7____, 008 008 005 006 005
p51_i8____, 007 008 005 005 006
p51_i9____, 006 008 005 006 007
p51_i10___, 008 008 005 006 007
p51_i11___, 008 007 005 006 005
p51_i12___, 006 009 005 006 006
p51_i13___, 008 009 005 006 005
p51_i14___, 007 008 005 006 005
p51_i15___, 007 008 005 006 006
p51_i16___, 007 008 005 006 006
p51_i17___, 007 008 005 006 005
p51_i18___, 007 008 005 005 008
p51_i19___, 007 009 005 006 006
p51_i20___, 007 007 004 006 006
p51_i21___, 007 007 005 007 006
p51_i22___, 008 008 004 006 006
p51_i23___, 007 009 005 006 006
p51_i24___, 007 007 005 007 006
pop
p52_i1____, 007 008 005 006 006
p52_i2____, 007 008 005 006 006
p52_i3____, 007 008 005 007 007
p52_i4____, 007 008 005 006 007
p52_i5____, 007 008 005 006 006
p52_i6____, 008 007 005 006 007
p52_i7____, 007 008 005 006 006
p52_i8____, 007 008 005 006 005
p52_i9____, 008 008 005 006 005
p52_i10___, 007 007 005 007 006
p52_i11___, 007 008 005 006 006
p52_i12___, 006 008 005 006 007
p52_i13___, 007 008 005 006 005
p52_i14___, 007 008 004 006 006
p52_i15___, 008 008 005 007 006
p52_i16___, 008 009 005 006 007
p52_i17___, 007 008 005 006 007
pop
p53_i1____, 007 009 005 007 005
p53_i2____, 006 010 005 003 007
p53_i3____, 007 005 005 007 007
p53_i4____, 007 004 005 006 006
p53_i5____, 007 005 005 007 007
pop
p54_i1____, 005 005 007 005 005
p54_i2____, 007 009 004 006 005
p54_i3____, 007 007 005 007 007
p54_i4____, 007 007 005 007 006
p54_i5____, 007 008 004 006 006
p54_i6____, 007 008 004 006 006
p54_i7____, 007 007 005 007 006
p54_i8____, 007 008 004 006 005
pop
p55_i1____, 007 008 005 006 007
p55_i2____, 007 009 005 006 006
p55_i3____, 007 007 004 006 006
p55_i4____, 007 008 005 006 005
p55_i5____, 007 007 005 006 006
pop
p56_i1____, 007 008 005 007 006
p56_i2____, 007 008 005 006 007
p56_i3____, 007 007 005 007 006
p56_i4____, 006 009 005 006 006
p56_i5____, 007 007 005 006 007
p56_i6____, 007 007 005 006 005
p56_i7____, 007 007 005 007 005
p56_i8____, 008 008 005 006 006
pop
p57_i1____, 007 008 005 006 006
p57_i2____, 007 008 005 006 007
p57_i3____, 007 008 005 006 006
p57_i4____, 007 004 004 007 006
p57_i5____, 007 007 005 006 006
p57_i6____, 007 007 005 007 006
p57_i7____, 007 007 005 007 006
p57_i8____, 007 008 005 006 006
p57_i9____, 007 008 005 006 006
p57_i10___, 007 008 005 006 007
p57_i11___, 007 008 005 006 006
p57_i12___, 007 008 005 006 006
p57_i13___, 008 008 005 007 006
p57_i14___, 007 007 005 007 006
p57_i15___, 007 008 005 006 006
p57_i16___, 007 009 005 006 008
p57_i17___, 007 008 004 005 006
p57_i18___, 007 008 005 006 005
pop
p58_i1____, 007 008 005 006 006
p58_i2____, 007 009 005 006 007
p58_i3____, 007 008 005 006 007
p58_i4____, 007 009 005 006 007
p58_i5____, 007 007 005 006 006
p58_i6____, 007 008 004 006 006
p58_i7____, 007 008 004 005 006
p58_i8____, 007 007 005 007 006
p58_i9____, 007 008 005 005 006
p58_i10___, 007 007 005 006 006
p58_i11___, 007 008 005 006 006
p58_i12___, 007 008 004 005 006
p58_i13___, 007 009 005 006 007
p58_i14___, 007 008 005 006 006
p58_i15___, 007 008 005 006 006
p58_i16___, 007 008 005 006 007
p58_i17___, 007 008 005 006 006
pop
p59_i1____, 008 007 005 007 006
p59_i2____, 007 008 004 005 008
p59_i3____, 007 008 005 006 007
p59_i4____, 007 008 005 006 007
p59_i5____, 007 007 005 007 006
p59_i6____, 007 008 005 006 007
p59_i7____, 004 009 005 006 007
p59_i8____, 006 007 005 007 006
p59_i9____, 007 008 005 006 006
pop
p60_i1____, 007 008 005 006 006
p60_i2____, 007 008 004 006 005
p60_i3____, 007 008 004 006 005
p60_i4____, 007 007 005 006 005
p60_i5____, 007 008 005 006 007
p60_i6____, 007 008 005 006 006
p60_i7____, 007 009 004 006 005
p60_i8____, 007 009 005 005 006
p60_i9____, 007 007 005 007 006
p60_i10___, 006 008 005 007 006
p60_i11___, 008 008 005 006 006
p60_i12___, 007 008 004 006 005
p60_i13___, 008 007 005 007 007
p60_i14___, 007 006 005 006 006
p60_i15___, 007 008 005 006 007
p60_i16___, 007 008 005 006 007
p60_i17___, 007 008 004 006 006
pop
p61_i1____, 007 007 005 007 006
p61_i2____, 007 007 005 007 006
p61_i3____, 007 007 005 007 006
p61_i4____, 008 007 005 007 007
p61_i5____, 007 007 005 007 006
p61_i6____, 007 008 005 006 006
p61_i7____, 007 008 004 006 006
p61_i8____, 007 008 004 006 006
pop
p62_i1____, 007 008 004 006 005
p62_i2____, 007 008 005 005 006
p62_i3____, 007 008 004 006 005
p62_i4____, 008 008 004 006 007
p62_i5____, 007 008 005 005 006
p62_i6____, 007 008 004 006 005
p62_i7____, 007 008 004 006 005
p62_i8____, 007 008 004 006 005
p62_i9____, 007 007 005 007 006
pop
p63_i1____, 007 006 005 005 007
p63_i2____, 008 008 004 005 008
p63_i3____, 007 006 005 007 007
p63_i4____, 006 008 004 005 006
p63_i5____, 007 007 005 006 006
p63_i6____, 008 008 004 006 007
p63_i7____, 007 008 005 006 007
p63_i8____, 007 008 005 006 007
p63_i9____, 007 006 004 006 005
p63_i10___, 007 008 005 007 007
p63_i11___, 007 008 005 006 007
p63_i12___, 007 008 005 007 006
p63_i13___, 007 007 005 006 007
p63_i14___, 007 008 005 007 007
p63_i15___, 007 008 005 007 007
pop
p64_i1____, 007 007 005 007 006
p64_i2____, 006 007 005 007 006
p64_i3____, 007 008 005 007 006
p64_i4____, 007 007 005 006 006
p64_i5____, 007 007 005 006 006
p64_i6____, 007 007 005 006 005
p64_i7____, 007 007 005 006 006
p64_i8____, 006 007 005 007 006
p64_i9____, 007 008 004 006 007
p64_i10___, 007 008 004 006 005
p64_i11___, 007 008 005 006 007
p64_i12___, 007 007 005 006 005
p64_i13___, 007 007 005 006 005
p64_i14___, 007 008 005 006 007
p64_i15___, 007 008 005 006 007
p64_i16___, 007 008 005 006 007
p64_i17___, 007 008 005 006 006
p64_i18___, 007 009 005 005 006
p64_i19___, 007 007 005 006 007
p64_i20___, 007 007 005 007 006
p64_i21___, 007 008 005 006 007
pop
p65_i1____, 007 004 005 006 006
p65_i2____, 007 004 005 006 006
p65_i3____, 006 009 004 007 006
p65_i4____, 006 009 004 007 006
p65_i5____, 007 005 005 007 007
p65_i6____, 008 008 005 005 006
p65_i7____, 007 009 005 007 006
p65_i8____, 007 004 005 006 006
p65_i9____, 007 004 005 006 006
p65_i10___, 008 008 005 005 006
p65_i11___, 007 004 005 007 006
p65_i12___, 007 008 004 006 005
p65_i13___, 008 008 004 006 007
p65_i14___, 006 008 005 007 006
p65_i15___, 006 008 005 007 006
p65_i16___, 007 008 004 005 007
p65_i17___, 007 009 005 007 006
p65_i18___, 006 009 005 007 006
p65_i19___, 007 004 005 006 006
p65_i20___, 008 008 004 006 007
p65_i21___, 006 005 005 007 007
p65_i22___, 007 008 005 006 006
pop
p66_i1____, 007 007 005 007 006
p66_i2____, 008 008 004 006 006
p66_i3____, 007 008 005 006 006
p66_i4____, 007 007 005 007 007
p66_i5____, 007 009 005 006 005
p66_i6____, 007 007 005 007 007
p66_i7____, 007 008 004 006 006
p66_i8____, 008 008 004 006 006
p66_i9____, 007 008 005 006 006
p66_i10___, 007 007 005 006 005
pop
p67_i1____, 007 008 005 006 007
p67_i2____, 007 008 005 006 006
p67_i3____, 007 008 005 006 007
p67_i4____, 007 008 004 006 006
p67_i5____, 007 008 006 006 007
p67_i6____, 007 008 005 006 007
p67_i7____, 007 003 005 006 006
p67_i8____, 007 008 005 006 007
p67_i9____, 007 008 005 006 006
p67_i10___, 007 007 005 007 006
p67_i11___, 007 008 005 006 006
p67_i12___, 007 008 005 006 005
p67_i13___, 007 008 005 006 007
pop
p68_i1____, 008 008 004 006 007
p68_i2____, 007 008 005 006 007
p68_i3____, 008 008 004 006 007
p68_i4____, 007 006 005 007 007
p68_i5____, 007 007 005 007 007
p68_i6____, 007 008 004 006 005
p68_i7____, 008 008 004 006 006
p68_i8____, 007 007 005 007 005
p68_i9____, 007 007 005 007 006
pop
p69_i1____, 006 009 005 007 006
p69_i2____, 007 004 005 006 006
p69_i3____, 007 009 005 007 006
p69_i4____, 006 009 005 007 006
p69_i5____, 007 007 005 006 006
p69_i6____, 006 009 005 005 007
p69_i7____, 006 009 005 005 006
p69_i8____, 007 007 005 006 005
p69_i9____, 007 004 005 005 006
p69_i10___, 007 009 005 007 006
p69_i11___, 007 010 005 007 006
p69_i12___, 007 009 005 007 006
p69_i13___, 006 009 005 007 006
pop
p70_i1____, 007 008 005 006 006
p70_i2____, 007 008 005 007 006
p70_i3____, 007 008 005 006 006
p70_i4____, 007 008 005 006 006
p70_i5____, 007 007 005 006 005
p70_i6____, 007 008 004 006 005
p70_i7____, 007 008 005 007 006
p70_i8____, 007 007 005 006 005
p70_i9____, 007 007 005 006 005
p70_i10___, 008 008 004 006 007
p70_i11___, 008 008 004 006 007
p70_i12___, 007 008 005 006 007
p70_i13___, 007 007 005 007 006
p70_i14___, 007 008 005 007 006
p70_i15___, 007 007 005 006 005
p70_i16___, 004 007 005 007 006
pop
p71_i1____, 007 007 004 007 006
p71_i2____, 007 007 005 007 006
p71_i3____, 008 007 005 006 006
p71_i4____, 006 007 005 007 006
p71_i5____, 007 007 005 007 006
p71_i6____, 007 008 005 006 007
p71_i7____, 007 007 005 007 006
pop
p72_i1____, 007 008 005 006 007
p72_i2____, 008 009 005 006 007
p72_i3____, 008 008 005 006 007
p72_i4____, 007 009 005 006 007
p72_i5____, 008 007 005 006 007
p72_i6____, 007 008 005 006 006
p72_i7____, 007 008 006 006 005
p72_i8____, 008 008 005 006 007
p72_i9____, 007 008 005 006 006
p72_i10___, 007 007 005 006 005
pop
p73_i1____, 005 005 007 005 005
p73_i2____, 005 005 007 005 006
p73_i3____, 004 005 007 005 005
p73_i4____, 005 005 007 005 006
p73_i5____, 005 005 007 006 005
p73_i6____, 013 005 007 006 005
p73_i7____, 005 004 007 005 005
p73_i8____, 005 005 007 005 005
p73_i9____, 005 006 007 005 005
pop
p74_i1____, 007 009 004 006 006
p74_i2____, 007 007 005 006 005
p74_i3____, 007 008 005 006 006
p74_i4____, 007 008 005 006 007
p74_i5____, 007 007 005 007 006
p74_i6____, 007 007 005 007 006
p74_i7____, 007 008 005 006 006
p74_i8____, 007 008 004 007 007
p74_i9____, 007 008 005 005 007
p74_i10___, 007 008 005 006 007
p74_i11___, 007 008 004 006 006
pop
p75_i1____, 007 009 005 007 006
p75_i2____, 006 008 004 007 005
p75_i3____, 006 010 005 005 007
p75_i4____, 006 003 005 006 007
p75_i5____, 008 010 005 005 007
p75_i6____, 006 009 005 007 006
p75_i7____, 007 009 005 007 006
p75_i8____, 007 005 005 007 007
p75_i9____, 006 009 005 005 007
p75_i10___, 006 010 005 005 006
p75_i11___, 007 004 005 006 006
p75_i12___, 006 008 004 007 006
pop
p76_i1____, 006 008 005 006 005
p76_i2____, 007 008 005 005 006
p76_i3____, 007 007 005 007 006
pop
p77_i1____, 007 010 004 006 005
p77_i2____, 007 008 005 007 006
p77_i3____, 007 008 005 006 007
p77_i4____, 008 008 004 006 006
p77_i5____, 007 008 005 006 007
p77_i6____, 007 008 005 006 006
p77_i7____, 007 007 005 007 006
p77_i8____, 007 008 005 006 007
pop
p78_i1____, 006 008 005 008 006
p78_i2____, 006 008 004 007 006
p78_i3____, 007 004 005 006 006
p78_i4____, 006 008 005 008 007
p78_i5____, 005 004 005 006 006
p78_i6____, 007 009 005 007 006
p78_i7____, 006 008 005 008 006
p78_i8____, 007 004 005 007 006
p78_i9____, 007 008 005 006 006
p78_i10___, 006 008 005 005 006
p78_i11___, 007 008 005 007 007
p78_i12___, 006 009 005 005 007
pop
p79_i1____, 006 008 005 007 006
p79_i2____, 006 008 005 007 006
p79_i3____, 008 007 005 007 007
p79_i4____, 007 008 004 006 007
p79_i5____, 008 008 005 006 006
p79_i6____, 007 008 005 006 008
p79_i7____, 008 008 005 006 006
p79_i8____, 008 009 005 006 006
p79_i9____, 007 008 004 007 006
p79_i10___, 007 008 005 006 006
p79_i11___, 008 008 005 007 005
p79_i12___, 007 008 004 006 006
p79_i13___, 007 007 005 007 006
pop
p80_i1____, 007 007 005 006 005
p80_i2____, 007 009 005 006 005
p80_i3____, 007 008 005 006 007
p80_i4____, 007 007 005 007 006
p80_i5____, 007 008 005 006 006
p80_i6____, 007 007 005 007 006
pop
p81_i1____, 007 008 004 006 006
p81_i2____, 007 008 005 006 005
p81_i3____, 007 007 005 007 006
p81_i4____, 007 008 005 006 006
p81_i5____, 007 008 004 005 008
p81_i6____, 007 008 004 005 008
p81_i7____, 007 008 005 007 006
p81_i8____, 007 008 004 006 006
p81_i9____, 007 008 004 006 006
p81_i10___, 007 008 005 006 006
pop
p82_i1____, 007 007 005 007 006
p82_i2____, 007 008 004 006 007
p82_i3____, 007 007 005 007 006
p82_i4____, 007 006 005 007 006
p82_i5____, 007 009 005 006 005
p82_i6____, 007 008 005 007 006
p82_i7____, 007 008 005 006 007
p82_i8____, 007 008 005 006 007
p82_i9____, 007 008 005 007 007
p82_i10___, 006 008 005 006 007
p82_i11___, 007 008 005 006 006
p82_i12___, 007 008 005 006 006
p82_i13___, 007 007 005 006 006
p82_i14___, 007 008 005 006 006
p82_i15___, 008 008 004 006 007
p82_i16___, 008 010 004 006 005
p82_i17___, 007 008 005 006 006
pop
p83_i1____, 007 008 006 006 006
p83_i2____, 007 007 005 007 006
p83_i3____, 007 008 005 006 005
p83_i4____, 008 009 005 006 006
p83_i5____, 007 008 005 006 006
p83_i6____, 007 008 005 006 006
p83_i7____, 008 009 004 006 006
p83_i8____, 007 008 005 005 008
pop
p84_i1____, 007 008 005 006 006
p84_i2____, 007 008 004 006 005
p84_i3____, 007 009 005 007 006
p84_i4____, 007 008 005 006 005
p84_i5____, 007 005 005 007 008
p84_i6____, 007 008 004 006 005
p84_i7____, 008 008 005 005 006
p84_i8____, 007 008 004 006 005
p84_i9____, 007 008 005 006 006
p84_i10___, 007 008 005 007 007
p84_i11___, 007 008 005 006 006
pop
p85_i1____, 007 007 005 007 007
p85_i2____, 007 008 005 006 007
p85_i3____, 007 008 004 005 007
p85_i4____, 007 007 005 007 006
p85_i5____, 007 007 005 006 006
p85_i6____, 007 005 004 006 007
p85_i7____, 007 008 005 006 007
p85_i8____, 007 008 005 006 007
pop
p86_i1____, 007 007 005 007 006
p86_i2____, 007 009 005 005 006
p86_i3____, 007 007 005 006 007
p86_i4____, 007 008 004 006 005
p86_i5____, 007 007 005 007 006
p86_i6____, 007 008 005 006 007
p86_i7____, 007 008 005 006 007
p86_i8____, 007 008 005 006 007
p86_i9____, 007 008 005 006 007
p86_i10___, 007 008 004 006 007
p86_i11___, 007 007 005 007 005
p86_i12___, 007 008 004 005 006
p86_i13___, 006 009 004 006 005
pop
p87_i1____, 007 008 005 006 007
p87_i2____, 007 008 005 006 006
p87_i3____, 007 007 005 006 006
p87_i4____, 008 010 004 006 005
p87_i5____, 007 009 005 006 006
p87_i6____, 007 008 005 006 007
p87_i7____, 007 009 005 006 006
p87_i8____, 007 008 005 006 006
p87_i9____, 007 007 005 006 006
p87_i10___, 007 008 005 006 006
p87_i11___, 007 009 005 006 006
p87_i12___, 008 009 005 006 006
p87_i13___, 008 007 005 006 006
p87_i14___, 009 008 004 006 006
p87_i15___, 007 008 005 005 005
p87_i16___, 007 008 004 006 006
p87_i17___, 007 008 005 006 006
p87_i18___, 008 008 005 005 006
p87_i19___, 007 007 005 006 007
p87_i20___, 007 007 005 006 006
p87_i21___, 007 008 004 005 006
p87_i22___, 007 008 005 006 006
p87_i23___, 007 008 004 006 006
p87_i24___, 007 007 005 006 007
pop
p88_i1____, 007 008 004 006 005
p88_i2____, 007 008 004 006 005
p88_i3____, 008 008 005 005 006
p88_i4____, 008 009 004 006 006
p88_i5____, 007 008 005 006 007
p88_i6____, 007 007 005 006 007
p88_i7____, 007 008 005 007 006
p88_i8____, 007 006 004 006 005
p88_i9____, 008 009 005 006 006
p88_i10___, 007 010 004 006 005
p88_i11___, 007 008 004 006 005
p88_i12___, 007 007 005 005 005
p88_i13___, 007 007 005 006 005
p88_i14___, 007 008 005 007 006
p88_i15___, 007 008 004 006 005
p88_i16___, 007 008 004 005 008
p88_i17___, 008 008 005 006 006
p88_i18___, 007 008 005 006 006
pop
p89_i1____, 007 008 004 006 006
p89_i2____, 007 007 005 007 006
p89_i3____, 007 007 005 006 005
pop
p90_i1____, 007 007 005 007 006
p90_i2____, 007 007 005 007 006
p90_i3____, 007 008 005 006 007
p90_i4____, 007 009 004 006 006
p90_i5____, 007 008 005 006 006
p90_i6____, 007 008 005 006 006
p90_i7____, 007 008 005 006 006
pop
p91_i1____, 007 008 005 007 005
p91_i2____, 007 007 005 007 005
p91_i3____, 007 005 005 007 006
p91_i4____, 007 008 004 006 005
p91_i5____, 007 005 004 006 006
p91_i6____, 007 008 004 006 006
p91_i7____, 007 008 004 006 006
p91_i8____, 007 007 004 006 007
p91_i9____, 007 008 005 006 005
p91_i10___, 007 007 005 007 006
p91_i11___, 007 008 005 007 006
p91_i12___, 007 007 005 006 005
p91_i13___, 007 007 004 006 007
p91_i14___, 007 007 005 007 006
p91_i15___, 007 008 004 006 007
p91_i16___, 007 008 004 006 005
p91_i17___, 007 009 005 006 006
p91_i18___, 007 008 005 007 007
p91_i19___, 007 009 005 007 006
pop
p92_i1____, 007 008 005 006 006
p92_i2____, 007 008 005 006 005
p92_i3____, 007 008 005 006 006
p92_i4____, 007 008 005 006 006
p92_i5____, 007 008 005 006 005
p92_i6____, 007 008 005 006 006
p92_i7____, 007 008 005 006 006
p92_i8____, 007 008 005 006 006
p92_i9____, 007 008 005 006 006
p92_i10___, 007 008 005 006 007
p92_i11___, 007 009 005 006 006
p92_i12___, 007 008 005 006 006
p92_i13___, 007 009 005 006 006
p92_i14___, 007 008 005 006 006
p92_i15___, 007 009 005 006 007
p92_i16___, 007 008 005 006 005
p92_i17___, 007 008 005 006 005
p92_i18___, 007 009 005 006 006
p92_i19___, 007 008 005 006 006
p92_i20___, 007 008 005 006 005
p92_i21___, 007 009 005 006 006
p92_i22___, 007 008 005 006 005
p92_i23___, 007 009 005 006 006
p92_i24___, 007 008 005 006 005
p92_i25___, 007 008 005 006 006
p92_i26___, 007 008 005 006 005
pop
p93_i1____, 007 008 004 006 006
p93_i2____, 007 007 005 006 006
p93_i3____, 007 007 005 006 006
p93_i4____, 007 008 005 007 007
p93_i5____, 007 008 004 006 006
p93_i6____, 007 008 005 006 007
p93_i7____, 007 007 005 007 006
p93_i8____, 007 007 005 007 006
p93_i9____, 007 008 004 005 006
p93_i10___, 007 008 005 006 007
p93_i11___, 007 009 005 006 007
p93_i12___, 007 007 005 006 006
p93_i13___, 007 008 005 006 007
p93_i14___, 007 009 005 006 007
p93_i15___, 007 008 005 006 006
p93_i16___, 007 007 005 006 006
p93_i17___, 008 007 004 007 006
p93_i18___, 007 008 005 006 007
p93_i19___, 007 007 005 006 007
pop
p94_i1____, 006 009 004 007 006
p94_i2____, 007 005 005 006 006
p94_i3____, 007 009 005 007 005
p94_i4____, 007 008 005 006 006
p94_i5____, 006 008 005 007 007
p94_i6____, 007 008 005 006 006
p94_i7____, 006 010 005 005 007
p94_i8____, 007 004 005 006 006
p94_i9____, 006 008 005 007 006
p94_i10___, 007 009 005 006 006
p94_i11___, 007 009 005 007 005
p94_i12___, 006 009 005 005 006
p94_i13___, 007 009 005 006 006
p94_i14___, 007 009 005 007 005
pop
p95_i1____, 008 008 005 007 008
p95_i2____, 006 008 004 005 006
p95_i3____, 007 008 005 006 006
p95_i4____, 007 008 005 006 007
p95_i5____, 006 008 004 005 006
p95_i6____, 007 008 005 006 006
p95_i7____, 007 009 005 006 006
p95_i8____, 007 008 004 006 006
pop
p96_i1____, 005 004 007 005 005
p96_i2____, 005 005 007 006 005
p96_i3____, 002 005 007 005 005
p96_i4____, 006 006 007 005 005
p96_i5____, 005 004 007 005 005
p96_i6____, 005 005 007 005 006
p96_i7____, 005 005 007 005 005
p96_i8____, 007 006 007 005 005
p96_i9____, 005 004 007 005 005
p96_i10___, 006 006 006 005 005
p96_i11___, 005 005 007 006 005
p96_i12___, 004 005 007 005 005
p96_i13___, 005 005 007 005 005
p96_i14___, 005 005 007 005 005
p96_i15___, 005 005 007 005 005
p96_i16___, 005 004 007 005 005
p96_i17___, 005 004 007 005 005
p96_i18___, 005 005 007 005 005
p96_i19___, 005 005 007 005 005
p96_i20___, 005 005 007 005 005
p96_i21___, 004 004 007 006 005
p96_i22___, 005 006 007 005 005
pop
p97_i1____, 007 009 005 006 006
p97_i2____, 007 008 005 006 006
p97_i3____, 007 007 005 006 006
p97_i4____, 007 007 005 007 006
p97_i5____, 007 009 004 006 006
p97_i6____, 007 008 005 006 007
p97_i7____, 007 008 004 005 006
p97_i8____, 007 008 005 006 007
pop
p98_i1____, 007 009 005 005 006
p98_i2____, 007 007 005 007 007
p98_i3____, 002 005 007 005 005
p98_i4____, 005 005 007 006 005
p98_i5____, 007 008 005 005 006
p98_i6____, 007 008 005 005 006
p98_i7____, 007 007 005 006 007
p98_i8____, 006 006 007 006 005
p98_i9____, 007 008 004 006 006
p98_i10___, 007 008 005 005 007
p98_i11___, 007 008 004 007 005
p98_i12___, 008 008 005 007 005
p98_i13___, 007 008 005 006 007
p98_i14___, 007 008 005 006 007
p98_i15___, 007 009 005 006 006
p98_i16___, 007 008 004 006 006
p98_i17___, 008 009 005 005 006
p98_i18___, 005 005 007 005 005
p98_i19___, 007 007 005 007 006
p98_i20___, 007 008 005 005 008
p98_i21___, 007 008 005 006 006
p98_i22___, 007 008 005 006 006
p98_i23___, 005 005 006 007 005
p98_i24___, 008 008 005 005 006
p98_i25___, 004 009 005 006 007
p98_i26___, 007 009 005 006 006
p98_i27___, 008 008 004 006 007
p98_i28___, 005 005 007 005 005
p98_i29___, 006 008 004 005 006
p98_i30___, 007 008 005 006 006
p98_i31___, 007 007 005 006 005
p98_i32___, 007 008 004 006 006
p98_i33___, 007 009 005 006 007
p98_i34___, 006 005 007 005 005
p98_i35___, 007 009 005 006 007
p98_i36___, 007 008 005 006 007
p98_i37___, 007 007 005 007 007
p98_i38___, 007 007 005 007 006
p98_i39___, 007 008 005 006 006
p98_i40___, 007 006 005 007 006
p98_i41___, 007 008 005 006 007
p98_i42___, 007 008 005 006 006
p98_i43___, 008 007 005 007 006
p98_i44___, 007 008 005 006 006
p98_i45___, 006 008 004 005 006
p98_i46___, 008 009 004 006 006
p98_i47___, 007 008 005 007 006
p98_i48___, 007 008 005 006 006
p98_i49___, 008 008 004 006 006
p98_i50___, 007 007 005 006 006
p98_i51___, 007 007 005 007 006
p98_i52___, 005 007 007 005 005
p98_i53___, 007 008 005 007 006
p98_i54___, 005 008 007 005 005
p98_i55___, 007 008 004 005 008
pop
p99_i1____, 007 007 005 007 006
p99_i2____, 007 008 005 006 006
p99_i3____, 007 008 005 006 006
p99_i4____, 008 008 004 006 006
p99_i5____, 007 007 005 006 007
p99_i6____, 007 008 005 006 006
p99_i7____, 007 007 005 007 006
p99_i8____, 007 008 005 005 006
p99_i9____, 007 009 005 006 007
p99_i10___, 007 007 005 007 006
p99_i11___, 007 007 005 007 006
p99_i12___, 007 008 004 005 006
p99_i13___, 007 008 005 006 007
p99_i14___, 007 007 005 006 006
p99_i15___, 007 008 005 006 008
p99_i16___, 007 008 005 006 007
p99_i17___, 007 008 005 006 007
p99_i18___, 007 008 004 006 006
p99_i19___, 007 007 005 007 006
p99_i20___, 007 008 005 006 007
p99_i21___, 007 007 005 007 007
p99_i22___, 007 008 004 006 006
pop
p100_i1___, 007 008 005 006 005
p100_i2___, 007 008 005 006 004
p100_i3___, 007 008 005 006 005
p100_i4___, 007 008 005 006 006
p100_i5___, 007 008 005 006 007
p100_i6___, 007 008 005 006 004
p100_i7___, 007 008 005 006 006
p100_i8___, 007 008 005 006 004
p100_i9___, 007 008 005 006 004
p100_i10__, 007 008 005 006 008
p100_i11__, 007 007 005 006 006
p100_i12__, 007 008 005 007 007
p100_i13__, 007 008 005 006 006
p100_i14__, 007 007 005 006 006
p100_i15__, 007 008 004 006 006
p100_i16__, 007 006 004 007 006
p100_i17__, 007 008 005 006 006
p100_i18__, 007 008 005 006 004
p100_i19__, 007 008 005 007 007
p100_i20__, 007 007 005 007 005
pop
p101_i1___, 008 008 004 006 007
p101_i2___, 008 008 004 006 007
p101_i3___, 007 007 005 007 006
p101_i4___, 007 007 005 007 006
p101_i5___, 007 008 005 007 007
p101_i6___, 007 007 005 006 007
p101_i7___, 007 007 005 007 006
p101_i8___, 007 008 004 006 005
pop
p102_i1___, 008 009 005 006 007
p102_i2___, 008 009 005 006 007
p102_i3___, 007 007 005 006 006
p102_i4___, 007 008 005 006 006
p102_i5___, 007 009 004 005 006
p102_i6___, 007 009 005 006 006
p102_i7___, 007 007 005 007 007
p102_i8___, 007 008 005 005 007
pop
p103_i1___, 007 007 005 006 006
p103_i2___, 007 008 005 006 007
p103_i3___, 007 008 004 007 005
p103_i4___, 007 008 004 006 006
p103_i5___, 007 009 005 006 007
pop
p104_i1___, 006 008 005 006 006
p104_i2___, 006 005 005 007 007
p104_i3___, 007 008 004 006 007
p104_i4___, 005 008 005 008 006
p104_i5___, 007 008 005 005 006
p104_i6___, 007 008 004 006 007
p104_i7___, 006 004 005 006 006
p104_i8___, 006 005 005 007 007
p104_i9___, 007 008 005 005 006
p104_i10__, 006 008 005 006 006
pop
p105_i1___, 006 008 005 007 006
p105_i2___, 006 009 004 007 006
p105_i3___, 007 004 005 006 006
p105_i4___, 007 009 005 007 006
p105_i5___, 007 009 005 007 006
p105_i6___, 006 009 005 007 006
p105_i7___, 006 008 005 007 006
p105_i8___, 007 004 005 006 005
p105_i9___, 007 004 005 006 005
p105_i10__, 006 009 004 007 006
p105_i11__, 007 004 005 006 006
p105_i12__, 007 007 005 006 006
p105_i13__, 006 008 005 007 006
pop
p106_i1___, 007 008 005 006 006
p106_i2___, 007 008 004 006 007
p106_i3___, 007 008 004 006 007
p106_i4___, 007 009 004 006 005
p106_i5___, 007 008 005 006 006
p106_i6___, 007 007 005 006 007
p106_i7___, 007 008 005 006 007
p106_i8___, 007 008 004 006 006
p106_i9___, 007 007 005 006 006
pop
p107_i1___, 007 004 004 006 005
p107_i2___, 007 008 004 006 005
p107_i3___, 008 006 004 006 006
p107_i4___, 007 009 005 006 007
p107_i5___, 007 007 005 007 006
p107_i6___, 007 008 004 006 005
p107_i7___, 006 008 005 005 007
p107_i8___, 007 008 005 007 006
p107_i9___, 007 008 004 006 005
p107_i10__, 008 008 004 006 006
p107_i11__, 007 008 005 007 007
p107_i12__, 007 007 005 007 006
p107_i13__, 007 004 005 007 007
p107_i14__, 007 008 005 006 005
p107_i15__, 007 008 005 007 006
p107_i16__, 008 008 004 006 006
p107_i17__, 007 008 005 006 005
pop
p108_i1___, 006 010 005 005 007
p108_i2___, 006 010 005 005 007
p108_i3___, 008 008 004 006 007
p108_i4___, 007 008 005 006 007
p108_i5___, 006 010 005 005 007
p108_i6___, 006 010 005 005 007
p108_i7___, 006 010 005 005 007
p108_i8___, 006 010 005 005 007
p108_i9___, 006 010 005 005 007
p108_i10__, 006 010 005 005 007
p108_i11__, 007 010 005 005 007
pop
p109_i1___, 007 008 005 006 007
p109_i2___, 007 009 005 006 006
p109_i3___, 007 008 005 007 006
p109_i4___, 008 010 004 006 005
p109_i5___, 007 008 005 006 006
p109_i6___, 007 008 005 006 007
p109_i7___, 007 007 005 007 007
p109_i8___, 007 007 005 006 006
p109_i9___, 007 008 004 006 005
p109_i10__, 007 007 005 007 007
p109_i11__, 007 008 005 007 006
p109_i12__, 007 009 005 006 005
p109_i13__, 007 006 005 006 005
p109_i14__, 008 008 004 006 006
p109_i15__, 007 008 005 007 006
p109_i16__, 006 007 005 007 006
p109_i17__, 007 008 005 006 007
p109_i18__, 007 008 005 006 007
pop
p110_i1___, 007 008 005 006 007
p110_i2___, 007 010 004 006 005
p110_i3___, 007 010 004 006 005
p110_i4___, 007 008 004 006 006
p110_i5___, 007 007 004 006 008
p110_i6___, 007 007 004 006 006
pop
p111_i1___, 007 008 005 006 006
p111_i2___, 007 008 005 006 006
p111_i3___, 007 008 005 006 006
p111_i4___, 007 009 005 005 006
p111_i5___, 007 008 005 006 007
p111_i6___, 007 009 005 005 006
p111_i7___, 007 008 005 006 006
pop
p112_i1___, 007 008 004 006 006
p112_i2___, 007 008 005 006 007
p112_i3___, 007 008 005 005 006
p112_i4___, 007 007 005 007 006
